/*--------------------------------*- C++ -*----------------------------------*\
| =========                 |                                                 |
| \\      /  F ield         | OpenFOAM: The Open Source CFD Toolbox           |
|  \\    /   O peration     | Version:  2412                                  |
|   \\  /    A nd           | Website:  www.openfoam.com                      |
|    \\/     M anipulation  |                                                 |
\*---------------------------------------------------------------------------*/
FoamFile
{
    version     2.0;
    format      ascii;
    arch        "LSB;label=32;scalar=64";
    note        "nPoints:18866  nCells:9200  nFaces:37032  nInternalFaces:18068";
    class       labelList;
    location    "constant/polyMesh";
    object      neighbour;
}
// * * * * * * * * * * * * * * * * * * * * * * * * * * * * * * * * * * * * * //


18068
(
1
3188
2
2599
3
4
5
6
2550
7
8
9
2501
10
11
12
2452
13
14
15
16
2403
17
18
19
2354
20
21
22
23
2305
24
25
26
2256
27
28
29
2207
30
31
32
33
2158
34
35
36
2109
37
38
39
40
2060
41
42
43
2011
44
45
46
1962
47
48
49
50
1913
51
52
1864
53
54
55
1815
56
57
1766
58
59
60
1717
61
62
1668
63
64
65
1619
66
67
1570
68
69
1521
70
71
72
1472
73
74
1423
75
76
77
1374
78
79
1325
80
81
82
1276
83
84
1227
85
86
1178
87
88
89
1129
90
91
1080
92
93
94
1031
95
96
982
97
98
99
933
100
101
884
102
103
104
105
835
106
107
108
786
109
110
111
737
112
113
114
115
688
116
117
118
639
119
120
121
122
590
123
124
125
541
126
127
128
492
129
130
131
132
443
133
134
135
394
136
137
138
139
345
140
141
142
296
143
144
145
247
146
147
148
149
198
4915
151
199
3200
152
200
3235
153
201
3270
154
202
3305
155
203
3340
156
204
3375
157
205
3410
158
206
3445
159
207
3480
160
208
3515
161
209
3550
162
210
3585
163
211
3620
164
212
3655
165
213
3690
166
214
3725
167
215
3760
168
216
3795
169
217
3830
170
218
3865
171
219
3900
172
220
3935
173
221
3970
174
222
4005
175
223
4040
176
224
4075
177
225
4110
178
226
4145
179
227
4180
180
228
4215
181
229
4250
182
230
4285
183
231
4320
184
232
4355
185
233
4390
186
234
4425
187
235
4460
188
236
4495
189
237
4530
190
238
4565
191
239
4600
192
240
4635
193
241
4670
194
242
4705
195
243
4740
196
244
4775
197
245
4810
198
246
4845
247
4880
200
248
201
249
202
250
203
251
204
252
205
253
206
254
207
255
208
256
209
257
210
258
211
259
212
260
213
261
214
262
215
263
216
264
217
265
218
266
219
267
220
268
221
269
222
270
223
271
224
272
225
273
226
274
227
275
228
276
229
277
230
278
231
279
232
280
233
281
234
282
235
283
236
284
237
285
238
286
239
287
240
288
241
289
242
290
243
291
244
292
245
293
246
294
247
295
296
249
297
250
298
251
299
252
300
253
301
254
302
255
303
256
304
257
305
258
306
259
307
260
308
261
309
262
310
263
311
264
312
265
313
266
314
267
315
268
316
269
317
270
318
271
319
272
320
273
321
274
322
275
323
276
324
277
325
278
326
279
327
280
328
281
329
282
330
283
331
284
332
285
333
286
334
287
335
288
336
289
337
290
338
291
339
292
340
293
341
294
342
295
343
296
344
345
298
346
299
347
300
348
301
349
302
350
303
351
304
352
305
353
306
354
307
355
308
356
309
357
310
358
311
359
312
360
313
361
314
362
315
363
316
364
317
365
318
366
319
367
320
368
321
369
322
370
323
371
324
372
325
373
326
374
327
375
328
376
329
377
330
378
331
379
332
380
333
381
334
382
335
383
336
384
337
385
338
386
339
387
340
388
341
389
342
390
343
391
344
392
345
393
394
347
395
348
396
349
397
350
398
351
399
352
400
353
401
354
402
355
403
356
404
357
405
358
406
359
407
360
408
361
409
362
410
363
411
364
412
365
413
366
414
367
415
368
416
369
417
370
418
371
419
372
420
373
421
374
422
375
423
376
424
377
425
378
426
379
427
380
428
381
429
382
430
383
431
384
432
385
433
386
434
387
435
388
436
389
437
390
438
391
439
392
440
393
441
394
442
443
396
444
397
445
398
446
399
447
400
448
401
449
402
450
403
451
404
452
405
453
406
454
407
455
408
456
409
457
410
458
411
459
412
460
413
461
414
462
415
463
416
464
417
465
418
466
419
467
420
468
421
469
422
470
423
471
424
472
425
473
426
474
427
475
428
476
429
477
430
478
431
479
432
480
433
481
434
482
435
483
436
484
437
485
438
486
439
487
440
488
441
489
442
490
443
491
492
445
493
446
494
447
495
448
496
449
497
450
498
451
499
452
500
453
501
454
502
455
503
456
504
457
505
458
506
459
507
460
508
461
509
462
510
463
511
464
512
465
513
466
514
467
515
468
516
469
517
470
518
471
519
472
520
473
521
474
522
475
523
476
524
477
525
478
526
479
527
480
528
481
529
482
530
483
531
484
532
485
533
486
534
487
535
488
536
489
537
490
538
491
539
492
540
541
494
542
495
543
496
544
497
545
498
546
499
547
500
548
501
549
502
550
503
551
504
552
505
553
506
554
507
555
508
556
509
557
510
558
511
559
512
560
513
561
514
562
515
563
516
564
517
565
518
566
519
567
520
568
521
569
522
570
523
571
524
572
525
573
526
574
527
575
528
576
529
577
530
578
531
579
532
580
533
581
534
582
535
583
536
584
537
585
538
586
539
587
540
588
541
589
590
543
591
544
592
545
593
546
594
547
595
548
596
549
597
550
598
551
599
552
600
553
601
554
602
555
603
556
604
557
605
558
606
559
607
560
608
561
609
562
610
563
611
564
612
565
613
566
614
567
615
568
616
569
617
570
618
571
619
572
620
573
621
574
622
575
623
576
624
577
625
578
626
579
627
580
628
581
629
582
630
583
631
584
632
585
633
586
634
587
635
588
636
589
637
590
638
639
592
640
593
641
594
642
595
643
596
644
597
645
598
646
599
647
600
648
601
649
602
650
603
651
604
652
605
653
606
654
607
655
608
656
609
657
610
658
611
659
612
660
613
661
614
662
615
663
616
664
617
665
618
666
619
667
620
668
621
669
622
670
623
671
624
672
625
673
626
674
627
675
628
676
629
677
630
678
631
679
632
680
633
681
634
682
635
683
636
684
637
685
638
686
639
687
688
641
689
642
690
643
691
644
692
645
693
646
694
647
695
648
696
649
697
650
698
651
699
652
700
653
701
654
702
655
703
656
704
657
705
658
706
659
707
660
708
661
709
662
710
663
711
664
712
665
713
666
714
667
715
668
716
669
717
670
718
671
719
672
720
673
721
674
722
675
723
676
724
677
725
678
726
679
727
680
728
681
729
682
730
683
731
684
732
685
733
686
734
687
735
688
736
737
690
738
691
739
692
740
693
741
694
742
695
743
696
744
697
745
698
746
699
747
700
748
701
749
702
750
703
751
704
752
705
753
706
754
707
755
708
756
709
757
710
758
711
759
712
760
713
761
714
762
715
763
716
764
717
765
718
766
719
767
720
768
721
769
722
770
723
771
724
772
725
773
726
774
727
775
728
776
729
777
730
778
731
779
732
780
733
781
734
782
735
783
736
784
737
785
786
739
787
740
788
741
789
742
790
743
791
744
792
745
793
746
794
747
795
748
796
749
797
750
798
751
799
752
800
753
801
754
802
755
803
756
804
757
805
758
806
759
807
760
808
761
809
762
810
763
811
764
812
765
813
766
814
767
815
768
816
769
817
770
818
771
819
772
820
773
821
774
822
775
823
776
824
777
825
778
826
779
827
780
828
781
829
782
830
783
831
784
832
785
833
786
834
835
788
836
789
837
790
838
791
839
792
840
793
841
794
842
795
843
796
844
797
845
798
846
799
847
800
848
801
849
802
850
803
851
804
852
805
853
806
854
807
855
808
856
809
857
810
858
811
859
812
860
813
861
814
862
815
863
816
864
817
865
818
866
819
867
820
868
821
869
822
870
823
871
824
872
825
873
826
874
827
875
828
876
829
877
830
878
831
879
832
880
833
881
834
882
835
883
884
837
885
838
886
839
887
840
888
841
889
842
890
843
891
844
892
845
893
846
894
847
895
848
896
849
897
850
898
851
899
852
900
853
901
854
902
855
903
856
904
857
905
858
906
859
907
860
908
861
909
862
910
863
911
864
912
865
913
866
914
867
915
868
916
869
917
870
918
871
919
872
920
873
921
874
922
875
923
876
924
877
925
878
926
879
927
880
928
881
929
882
930
883
931
884
932
933
886
934
887
935
888
936
889
937
890
938
891
939
892
940
893
941
894
942
895
943
896
944
897
945
898
946
899
947
900
948
901
949
902
950
903
951
904
952
905
953
906
954
907
955
908
956
909
957
910
958
911
959
912
960
913
961
914
962
915
963
916
964
917
965
918
966
919
967
920
968
921
969
922
970
923
971
924
972
925
973
926
974
927
975
928
976
929
977
930
978
931
979
932
980
933
981
982
935
983
936
984
937
985
938
986
939
987
940
988
941
989
942
990
943
991
944
992
945
993
946
994
947
995
948
996
949
997
950
998
951
999
952
1000
953
1001
954
1002
955
1003
956
1004
957
1005
958
1006
959
1007
960
1008
961
1009
962
1010
963
1011
964
1012
965
1013
966
1014
967
1015
968
1016
969
1017
970
1018
971
1019
972
1020
973
1021
974
1022
975
1023
976
1024
977
1025
978
1026
979
1027
980
1028
981
1029
982
1030
1031
984
1032
985
1033
986
1034
987
1035
988
1036
989
1037
990
1038
991
1039
992
1040
993
1041
994
1042
995
1043
996
1044
997
1045
998
1046
999
1047
1000
1048
1001
1049
1002
1050
1003
1051
1004
1052
1005
1053
1006
1054
1007
1055
1008
1056
1009
1057
1010
1058
1011
1059
1012
1060
1013
1061
1014
1062
1015
1063
1016
1064
1017
1065
1018
1066
1019
1067
1020
1068
1021
1069
1022
1070
1023
1071
1024
1072
1025
1073
1026
1074
1027
1075
1028
1076
1029
1077
1030
1078
1031
1079
1080
1033
1081
1034
1082
1035
1083
1036
1084
1037
1085
1038
1086
1039
1087
1040
1088
1041
1089
1042
1090
1043
1091
1044
1092
1045
1093
1046
1094
1047
1095
1048
1096
1049
1097
1050
1098
1051
1099
1052
1100
1053
1101
1054
1102
1055
1103
1056
1104
1057
1105
1058
1106
1059
1107
1060
1108
1061
1109
1062
1110
1063
1111
1064
1112
1065
1113
1066
1114
1067
1115
1068
1116
1069
1117
1070
1118
1071
1119
1072
1120
1073
1121
1074
1122
1075
1123
1076
1124
1077
1125
1078
1126
1079
1127
1080
1128
1129
1082
1130
1083
1131
1084
1132
1085
1133
1086
1134
1087
1135
1088
1136
1089
1137
1090
1138
1091
1139
1092
1140
1093
1141
1094
1142
1095
1143
1096
1144
1097
1145
1098
1146
1099
1147
1100
1148
1101
1149
1102
1150
1103
1151
1104
1152
1105
1153
1106
1154
1107
1155
1108
1156
1109
1157
1110
1158
1111
1159
1112
1160
1113
1161
1114
1162
1115
1163
1116
1164
1117
1165
1118
1166
1119
1167
1120
1168
1121
1169
1122
1170
1123
1171
1124
1172
1125
1173
1126
1174
1127
1175
1128
1176
1129
1177
1178
1131
1179
1132
1180
1133
1181
1134
1182
1135
1183
1136
1184
1137
1185
1138
1186
1139
1187
1140
1188
1141
1189
1142
1190
1143
1191
1144
1192
1145
1193
1146
1194
1147
1195
1148
1196
1149
1197
1150
1198
1151
1199
1152
1200
1153
1201
1154
1202
1155
1203
1156
1204
1157
1205
1158
1206
1159
1207
1160
1208
1161
1209
1162
1210
1163
1211
1164
1212
1165
1213
1166
1214
1167
1215
1168
1216
1169
1217
1170
1218
1171
1219
1172
1220
1173
1221
1174
1222
1175
1223
1176
1224
1177
1225
1178
1226
1227
1180
1228
1181
1229
1182
1230
1183
1231
1184
1232
1185
1233
1186
1234
1187
1235
1188
1236
1189
1237
1190
1238
1191
1239
1192
1240
1193
1241
1194
1242
1195
1243
1196
1244
1197
1245
1198
1246
1199
1247
1200
1248
1201
1249
1202
1250
1203
1251
1204
1252
1205
1253
1206
1254
1207
1255
1208
1256
1209
1257
1210
1258
1211
1259
1212
1260
1213
1261
1214
1262
1215
1263
1216
1264
1217
1265
1218
1266
1219
1267
1220
1268
1221
1269
1222
1270
1223
1271
1224
1272
1225
1273
1226
1274
1227
1275
1276
1229
1277
1230
1278
1231
1279
1232
1280
1233
1281
1234
1282
1235
1283
1236
1284
1237
1285
1238
1286
1239
1287
1240
1288
1241
1289
1242
1290
1243
1291
1244
1292
1245
1293
1246
1294
1247
1295
1248
1296
1249
1297
1250
1298
1251
1299
1252
1300
1253
1301
1254
1302
1255
1303
1256
1304
1257
1305
1258
1306
1259
1307
1260
1308
1261
1309
1262
1310
1263
1311
1264
1312
1265
1313
1266
1314
1267
1315
1268
1316
1269
1317
1270
1318
1271
1319
1272
1320
1273
1321
1274
1322
1275
1323
1276
1324
1325
1278
1326
1279
1327
1280
1328
1281
1329
1282
1330
1283
1331
1284
1332
1285
1333
1286
1334
1287
1335
1288
1336
1289
1337
1290
1338
1291
1339
1292
1340
1293
1341
1294
1342
1295
1343
1296
1344
1297
1345
1298
1346
1299
1347
1300
1348
1301
1349
1302
1350
1303
1351
1304
1352
1305
1353
1306
1354
1307
1355
1308
1356
1309
1357
1310
1358
1311
1359
1312
1360
1313
1361
1314
1362
1315
1363
1316
1364
1317
1365
1318
1366
1319
1367
1320
1368
1321
1369
1322
1370
1323
1371
1324
1372
1325
1373
1374
1327
1375
1328
1376
1329
1377
1330
1378
1331
1379
1332
1380
1333
1381
1334
1382
1335
1383
1336
1384
1337
1385
1338
1386
1339
1387
1340
1388
1341
1389
1342
1390
1343
1391
1344
1392
1345
1393
1346
1394
1347
1395
1348
1396
1349
1397
1350
1398
1351
1399
1352
1400
1353
1401
1354
1402
1355
1403
1356
1404
1357
1405
1358
1406
1359
1407
1360
1408
1361
1409
1362
1410
1363
1411
1364
1412
1365
1413
1366
1414
1367
1415
1368
1416
1369
1417
1370
1418
1371
1419
1372
1420
1373
1421
1374
1422
1423
1376
1424
1377
1425
1378
1426
1379
1427
1380
1428
1381
1429
1382
1430
1383
1431
1384
1432
1385
1433
1386
1434
1387
1435
1388
1436
1389
1437
1390
1438
1391
1439
1392
1440
1393
1441
1394
1442
1395
1443
1396
1444
1397
1445
1398
1446
1399
1447
1400
1448
1401
1449
1402
1450
1403
1451
1404
1452
1405
1453
1406
1454
1407
1455
1408
1456
1409
1457
1410
1458
1411
1459
1412
1460
1413
1461
1414
1462
1415
1463
1416
1464
1417
1465
1418
1466
1419
1467
1420
1468
1421
1469
1422
1470
1423
1471
1472
1425
1473
1426
1474
1427
1475
1428
1476
1429
1477
1430
1478
1431
1479
1432
1480
1433
1481
1434
1482
1435
1483
1436
1484
1437
1485
1438
1486
1439
1487
1440
1488
1441
1489
1442
1490
1443
1491
1444
1492
1445
1493
1446
1494
1447
1495
1448
1496
1449
1497
1450
1498
1451
1499
1452
1500
1453
1501
1454
1502
1455
1503
1456
1504
1457
1505
1458
1506
1459
1507
1460
1508
1461
1509
1462
1510
1463
1511
1464
1512
1465
1513
1466
1514
1467
1515
1468
1516
1469
1517
1470
1518
1471
1519
1472
1520
1521
1474
1522
1475
1523
1476
1524
1477
1525
1478
1526
1479
1527
1480
1528
1481
1529
1482
1530
1483
1531
1484
1532
1485
1533
1486
1534
1487
1535
1488
1536
1489
1537
1490
1538
1491
1539
1492
1540
1493
1541
1494
1542
1495
1543
1496
1544
1497
1545
1498
1546
1499
1547
1500
1548
1501
1549
1502
1550
1503
1551
1504
1552
1505
1553
1506
1554
1507
1555
1508
1556
1509
1557
1510
1558
1511
1559
1512
1560
1513
1561
1514
1562
1515
1563
1516
1564
1517
1565
1518
1566
1519
1567
1520
1568
1521
1569
1570
1523
1571
1524
1572
1525
1573
1526
1574
1527
1575
1528
1576
1529
1577
1530
1578
1531
1579
1532
1580
1533
1581
1534
1582
1535
1583
1536
1584
1537
1585
1538
1586
1539
1587
1540
1588
1541
1589
1542
1590
1543
1591
1544
1592
1545
1593
1546
1594
1547
1595
1548
1596
1549
1597
1550
1598
1551
1599
1552
1600
1553
1601
1554
1602
1555
1603
1556
1604
1557
1605
1558
1606
1559
1607
1560
1608
1561
1609
1562
1610
1563
1611
1564
1612
1565
1613
1566
1614
1567
1615
1568
1616
1569
1617
1570
1618
1619
1572
1620
1573
1621
1574
1622
1575
1623
1576
1624
1577
1625
1578
1626
1579
1627
1580
1628
1581
1629
1582
1630
1583
1631
1584
1632
1585
1633
1586
1634
1587
1635
1588
1636
1589
1637
1590
1638
1591
1639
1592
1640
1593
1641
1594
1642
1595
1643
1596
1644
1597
1645
1598
1646
1599
1647
1600
1648
1601
1649
1602
1650
1603
1651
1604
1652
1605
1653
1606
1654
1607
1655
1608
1656
1609
1657
1610
1658
1611
1659
1612
1660
1613
1661
1614
1662
1615
1663
1616
1664
1617
1665
1618
1666
1619
1667
1668
1621
1669
1622
1670
1623
1671
1624
1672
1625
1673
1626
1674
1627
1675
1628
1676
1629
1677
1630
1678
1631
1679
1632
1680
1633
1681
1634
1682
1635
1683
1636
1684
1637
1685
1638
1686
1639
1687
1640
1688
1641
1689
1642
1690
1643
1691
1644
1692
1645
1693
1646
1694
1647
1695
1648
1696
1649
1697
1650
1698
1651
1699
1652
1700
1653
1701
1654
1702
1655
1703
1656
1704
1657
1705
1658
1706
1659
1707
1660
1708
1661
1709
1662
1710
1663
1711
1664
1712
1665
1713
1666
1714
1667
1715
1668
1716
1717
1670
1718
1671
1719
1672
1720
1673
1721
1674
1722
1675
1723
1676
1724
1677
1725
1678
1726
1679
1727
1680
1728
1681
1729
1682
1730
1683
1731
1684
1732
1685
1733
1686
1734
1687
1735
1688
1736
1689
1737
1690
1738
1691
1739
1692
1740
1693
1741
1694
1742
1695
1743
1696
1744
1697
1745
1698
1746
1699
1747
1700
1748
1701
1749
1702
1750
1703
1751
1704
1752
1705
1753
1706
1754
1707
1755
1708
1756
1709
1757
1710
1758
1711
1759
1712
1760
1713
1761
1714
1762
1715
1763
1716
1764
1717
1765
1766
1719
1767
1720
1768
1721
1769
1722
1770
1723
1771
1724
1772
1725
1773
1726
1774
1727
1775
1728
1776
1729
1777
1730
1778
1731
1779
1732
1780
1733
1781
1734
1782
1735
1783
1736
1784
1737
1785
1738
1786
1739
1787
1740
1788
1741
1789
1742
1790
1743
1791
1744
1792
1745
1793
1746
1794
1747
1795
1748
1796
1749
1797
1750
1798
1751
1799
1752
1800
1753
1801
1754
1802
1755
1803
1756
1804
1757
1805
1758
1806
1759
1807
1760
1808
1761
1809
1762
1810
1763
1811
1764
1812
1765
1813
1766
1814
1815
1768
1816
1769
1817
1770
1818
1771
1819
1772
1820
1773
1821
1774
1822
1775
1823
1776
1824
1777
1825
1778
1826
1779
1827
1780
1828
1781
1829
1782
1830
1783
1831
1784
1832
1785
1833
1786
1834
1787
1835
1788
1836
1789
1837
1790
1838
1791
1839
1792
1840
1793
1841
1794
1842
1795
1843
1796
1844
1797
1845
1798
1846
1799
1847
1800
1848
1801
1849
1802
1850
1803
1851
1804
1852
1805
1853
1806
1854
1807
1855
1808
1856
1809
1857
1810
1858
1811
1859
1812
1860
1813
1861
1814
1862
1815
1863
1864
1817
1865
1818
1866
1819
1867
1820
1868
1821
1869
1822
1870
1823
1871
1824
1872
1825
1873
1826
1874
1827
1875
1828
1876
1829
1877
1830
1878
1831
1879
1832
1880
1833
1881
1834
1882
1835
1883
1836
1884
1837
1885
1838
1886
1839
1887
1840
1888
1841
1889
1842
1890
1843
1891
1844
1892
1845
1893
1846
1894
1847
1895
1848
1896
1849
1897
1850
1898
1851
1899
1852
1900
1853
1901
1854
1902
1855
1903
1856
1904
1857
1905
1858
1906
1859
1907
1860
1908
1861
1909
1862
1910
1863
1911
1864
1912
1913
1866
1914
1867
1915
1868
1916
1869
1917
1870
1918
1871
1919
1872
1920
1873
1921
1874
1922
1875
1923
1876
1924
1877
1925
1878
1926
1879
1927
1880
1928
1881
1929
1882
1930
1883
1931
1884
1932
1885
1933
1886
1934
1887
1935
1888
1936
1889
1937
1890
1938
1891
1939
1892
1940
1893
1941
1894
1942
1895
1943
1896
1944
1897
1945
1898
1946
1899
1947
1900
1948
1901
1949
1902
1950
1903
1951
1904
1952
1905
1953
1906
1954
1907
1955
1908
1956
1909
1957
1910
1958
1911
1959
1912
1960
1913
1961
1962
1915
1963
1916
1964
1917
1965
1918
1966
1919
1967
1920
1968
1921
1969
1922
1970
1923
1971
1924
1972
1925
1973
1926
1974
1927
1975
1928
1976
1929
1977
1930
1978
1931
1979
1932
1980
1933
1981
1934
1982
1935
1983
1936
1984
1937
1985
1938
1986
1939
1987
1940
1988
1941
1989
1942
1990
1943
1991
1944
1992
1945
1993
1946
1994
1947
1995
1948
1996
1949
1997
1950
1998
1951
1999
1952
2000
1953
2001
1954
2002
1955
2003
1956
2004
1957
2005
1958
2006
1959
2007
1960
2008
1961
2009
1962
2010
2011
1964
2012
1965
2013
1966
2014
1967
2015
1968
2016
1969
2017
1970
2018
1971
2019
1972
2020
1973
2021
1974
2022
1975
2023
1976
2024
1977
2025
1978
2026
1979
2027
1980
2028
1981
2029
1982
2030
1983
2031
1984
2032
1985
2033
1986
2034
1987
2035
1988
2036
1989
2037
1990
2038
1991
2039
1992
2040
1993
2041
1994
2042
1995
2043
1996
2044
1997
2045
1998
2046
1999
2047
2000
2048
2001
2049
2002
2050
2003
2051
2004
2052
2005
2053
2006
2054
2007
2055
2008
2056
2009
2057
2010
2058
2011
2059
2060
2013
2061
2014
2062
2015
2063
2016
2064
2017
2065
2018
2066
2019
2067
2020
2068
2021
2069
2022
2070
2023
2071
2024
2072
2025
2073
2026
2074
2027
2075
2028
2076
2029
2077
2030
2078
2031
2079
2032
2080
2033
2081
2034
2082
2035
2083
2036
2084
2037
2085
2038
2086
2039
2087
2040
2088
2041
2089
2042
2090
2043
2091
2044
2092
2045
2093
2046
2094
2047
2095
2048
2096
2049
2097
2050
2098
2051
2099
2052
2100
2053
2101
2054
2102
2055
2103
2056
2104
2057
2105
2058
2106
2059
2107
2060
2108
2109
2062
2110
2063
2111
2064
2112
2065
2113
2066
2114
2067
2115
2068
2116
2069
2117
2070
2118
2071
2119
2072
2120
2073
2121
2074
2122
2075
2123
2076
2124
2077
2125
2078
2126
2079
2127
2080
2128
2081
2129
2082
2130
2083
2131
2084
2132
2085
2133
2086
2134
2087
2135
2088
2136
2089
2137
2090
2138
2091
2139
2092
2140
2093
2141
2094
2142
2095
2143
2096
2144
2097
2145
2098
2146
2099
2147
2100
2148
2101
2149
2102
2150
2103
2151
2104
2152
2105
2153
2106
2154
2107
2155
2108
2156
2109
2157
2158
2111
2159
2112
2160
2113
2161
2114
2162
2115
2163
2116
2164
2117
2165
2118
2166
2119
2167
2120
2168
2121
2169
2122
2170
2123
2171
2124
2172
2125
2173
2126
2174
2127
2175
2128
2176
2129
2177
2130
2178
2131
2179
2132
2180
2133
2181
2134
2182
2135
2183
2136
2184
2137
2185
2138
2186
2139
2187
2140
2188
2141
2189
2142
2190
2143
2191
2144
2192
2145
2193
2146
2194
2147
2195
2148
2196
2149
2197
2150
2198
2151
2199
2152
2200
2153
2201
2154
2202
2155
2203
2156
2204
2157
2205
2158
2206
2207
2160
2208
2161
2209
2162
2210
2163
2211
2164
2212
2165
2213
2166
2214
2167
2215
2168
2216
2169
2217
2170
2218
2171
2219
2172
2220
2173
2221
2174
2222
2175
2223
2176
2224
2177
2225
2178
2226
2179
2227
2180
2228
2181
2229
2182
2230
2183
2231
2184
2232
2185
2233
2186
2234
2187
2235
2188
2236
2189
2237
2190
2238
2191
2239
2192
2240
2193
2241
2194
2242
2195
2243
2196
2244
2197
2245
2198
2246
2199
2247
2200
2248
2201
2249
2202
2250
2203
2251
2204
2252
2205
2253
2206
2254
2207
2255
2256
2209
2257
2210
2258
2211
2259
2212
2260
2213
2261
2214
2262
2215
2263
2216
2264
2217
2265
2218
2266
2219
2267
2220
2268
2221
2269
2222
2270
2223
2271
2224
2272
2225
2273
2226
2274
2227
2275
2228
2276
2229
2277
2230
2278
2231
2279
2232
2280
2233
2281
2234
2282
2235
2283
2236
2284
2237
2285
2238
2286
2239
2287
2240
2288
2241
2289
2242
2290
2243
2291
2244
2292
2245
2293
2246
2294
2247
2295
2248
2296
2249
2297
2250
2298
2251
2299
2252
2300
2253
2301
2254
2302
2255
2303
2256
2304
2305
2258
2306
2259
2307
2260
2308
2261
2309
2262
2310
2263
2311
2264
2312
2265
2313
2266
2314
2267
2315
2268
2316
2269
2317
2270
2318
2271
2319
2272
2320
2273
2321
2274
2322
2275
2323
2276
2324
2277
2325
2278
2326
2279
2327
2280
2328
2281
2329
2282
2330
2283
2331
2284
2332
2285
2333
2286
2334
2287
2335
2288
2336
2289
2337
2290
2338
2291
2339
2292
2340
2293
2341
2294
2342
2295
2343
2296
2344
2297
2345
2298
2346
2299
2347
2300
2348
2301
2349
2302
2350
2303
2351
2304
2352
2305
2353
2354
2307
2355
2308
2356
2309
2357
2310
2358
2311
2359
2312
2360
2313
2361
2314
2362
2315
2363
2316
2364
2317
2365
2318
2366
2319
2367
2320
2368
2321
2369
2322
2370
2323
2371
2324
2372
2325
2373
2326
2374
2327
2375
2328
2376
2329
2377
2330
2378
2331
2379
2332
2380
2333
2381
2334
2382
2335
2383
2336
2384
2337
2385
2338
2386
2339
2387
2340
2388
2341
2389
2342
2390
2343
2391
2344
2392
2345
2393
2346
2394
2347
2395
2348
2396
2349
2397
2350
2398
2351
2399
2352
2400
2353
2401
2354
2402
2403
2356
2404
2357
2405
2358
2406
2359
2407
2360
2408
2361
2409
2362
2410
2363
2411
2364
2412
2365
2413
2366
2414
2367
2415
2368
2416
2369
2417
2370
2418
2371
2419
2372
2420
2373
2421
2374
2422
2375
2423
2376
2424
2377
2425
2378
2426
2379
2427
2380
2428
2381
2429
2382
2430
2383
2431
2384
2432
2385
2433
2386
2434
2387
2435
2388
2436
2389
2437
2390
2438
2391
2439
2392
2440
2393
2441
2394
2442
2395
2443
2396
2444
2397
2445
2398
2446
2399
2447
2400
2448
2401
2449
2402
2450
2403
2451
2452
2405
2453
2406
2454
2407
2455
2408
2456
2409
2457
2410
2458
2411
2459
2412
2460
2413
2461
2414
2462
2415
2463
2416
2464
2417
2465
2418
2466
2419
2467
2420
2468
2421
2469
2422
2470
2423
2471
2424
2472
2425
2473
2426
2474
2427
2475
2428
2476
2429
2477
2430
2478
2431
2479
2432
2480
2433
2481
2434
2482
2435
2483
2436
2484
2437
2485
2438
2486
2439
2487
2440
2488
2441
2489
2442
2490
2443
2491
2444
2492
2445
2493
2446
2494
2447
2495
2448
2496
2449
2497
2450
2498
2451
2499
2452
2500
2501
2454
2502
2455
2503
2456
2504
2457
2505
2458
2506
2459
2507
2460
2508
2461
2509
2462
2510
2463
2511
2464
2512
2465
2513
2466
2514
2467
2515
2468
2516
2469
2517
2470
2518
2471
2519
2472
2520
2473
2521
2474
2522
2475
2523
2476
2524
2477
2525
2478
2526
2479
2527
2480
2528
2481
2529
2482
2530
2483
2531
2484
2532
2485
2533
2486
2534
2487
2535
2488
2536
2489
2537
2490
2538
2491
2539
2492
2540
2493
2541
2494
2542
2495
2543
2496
2544
2497
2545
2498
2546
2499
2547
2500
2548
2501
2549
2550
2503
2551
2504
2552
2505
2553
2506
2554
2507
2555
2508
2556
2509
2557
2510
2558
2511
2559
2512
2560
2513
2561
2514
2562
2515
2563
2516
2564
2517
2565
2518
2566
2519
2567
2520
2568
2521
2569
2522
2570
2523
2571
2524
2572
2525
2573
2526
2574
2527
2575
2528
2576
2529
2577
2530
2578
2531
2579
2532
2580
2533
2581
2534
2582
2535
2583
2536
2584
2537
2585
2538
2586
2539
2587
2540
2588
2541
2589
2542
2590
2543
2591
2544
2592
2545
2593
2546
2594
2547
2595
2548
2596
2549
2597
2550
2598
2599
2552
2600
2553
2612
2554
2624
2555
2636
2556
2648
2557
2660
2558
2672
2559
2684
2560
2696
2561
2708
2562
2720
2563
2732
2564
2744
2565
2756
2566
2768
2567
2780
2568
2792
2569
2804
2570
2816
2571
2828
2572
2840
2573
2852
2574
2864
2575
2876
2576
2888
2577
2900
2578
2912
2579
2924
2580
2936
2581
2948
2582
2960
2583
2972
2584
2984
2585
2996
2586
3008
2587
3020
2588
3032
2589
3044
2590
3056
2591
3068
2592
3080
2593
3092
2594
3104
2595
3116
2596
3128
2597
3140
2598
3152
2599
3164
3176
2601
2612
2602
2613
2603
2614
2604
2615
2605
2616
2606
2617
2607
2618
2608
2619
2609
2620
2610
2621
2611
2622
2623
4950
2613
2624
2614
2625
2615
2626
2616
2627
2617
2628
2618
2629
2619
2630
2620
2631
2621
2632
2622
2633
2623
2634
2635
4985
2625
2636
2626
2637
2627
2638
2628
2639
2629
2640
2630
2641
2631
2642
2632
2643
2633
2644
2634
2645
2635
2646
2647
5020
2637
2648
2638
2649
2639
2650
2640
2651
2641
2652
2642
2653
2643
2654
2644
2655
2645
2656
2646
2657
2647
2658
2659
5055
2649
2660
2650
2661
2651
2662
2652
2663
2653
2664
2654
2665
2655
2666
2656
2667
2657
2668
2658
2669
2659
2670
2671
5090
2661
2672
2662
2673
2663
2674
2664
2675
2665
2676
2666
2677
2667
2678
2668
2679
2669
2680
2670
2681
2671
2682
2683
5125
2673
2684
2674
2685
2675
2686
2676
2687
2677
2688
2678
2689
2679
2690
2680
2691
2681
2692
2682
2693
2683
2694
2695
5160
2685
2696
2686
2697
2687
2698
2688
2699
2689
2700
2690
2701
2691
2702
2692
2703
2693
2704
2694
2705
2695
2706
2707
5195
2697
2708
2698
2709
2699
2710
2700
2711
2701
2712
2702
2713
2703
2714
2704
2715
2705
2716
2706
2717
2707
2718
2719
5230
2709
2720
2710
2721
2711
2722
2712
2723
2713
2724
2714
2725
2715
2726
2716
2727
2717
2728
2718
2729
2719
2730
2731
5265
2721
2732
2722
2733
2723
2734
2724
2735
2725
2736
2726
2737
2727
2738
2728
2739
2729
2740
2730
2741
2731
2742
2743
5300
2733
2744
2734
2745
2735
2746
2736
2747
2737
2748
2738
2749
2739
2750
2740
2751
2741
2752
2742
2753
2743
2754
2755
5335
2745
2756
2746
2757
2747
2758
2748
2759
2749
2760
2750
2761
2751
2762
2752
2763
2753
2764
2754
2765
2755
2766
2767
5370
2757
2768
2758
2769
2759
2770
2760
2771
2761
2772
2762
2773
2763
2774
2764
2775
2765
2776
2766
2777
2767
2778
2779
5405
2769
2780
2770
2781
2771
2782
2772
2783
2773
2784
2774
2785
2775
2786
2776
2787
2777
2788
2778
2789
2779
2790
2791
5440
2781
2792
2782
2793
2783
2794
2784
2795
2785
2796
2786
2797
2787
2798
2788
2799
2789
2800
2790
2801
2791
2802
2803
5475
2793
2804
2794
2805
2795
2806
2796
2807
2797
2808
2798
2809
2799
2810
2800
2811
2801
2812
2802
2813
2803
2814
2815
5510
2805
2816
2806
2817
2807
2818
2808
2819
2809
2820
2810
2821
2811
2822
2812
2823
2813
2824
2814
2825
2815
2826
2827
5545
2817
2828
2818
2829
2819
2830
2820
2831
2821
2832
2822
2833
2823
2834
2824
2835
2825
2836
2826
2837
2827
2838
2839
5580
2829
2840
2830
2841
2831
2842
2832
2843
2833
2844
2834
2845
2835
2846
2836
2847
2837
2848
2838
2849
2839
2850
2851
5615
2841
2852
2842
2853
2843
2854
2844
2855
2845
2856
2846
2857
2847
2858
2848
2859
2849
2860
2850
2861
2851
2862
2863
5650
2853
2864
2854
2865
2855
2866
2856
2867
2857
2868
2858
2869
2859
2870
2860
2871
2861
2872
2862
2873
2863
2874
2875
5685
2865
2876
2866
2877
2867
2878
2868
2879
2869
2880
2870
2881
2871
2882
2872
2883
2873
2884
2874
2885
2875
2886
2887
5720
2877
2888
2878
2889
2879
2890
2880
2891
2881
2892
2882
2893
2883
2894
2884
2895
2885
2896
2886
2897
2887
2898
2899
5755
2889
2900
2890
2901
2891
2902
2892
2903
2893
2904
2894
2905
2895
2906
2896
2907
2897
2908
2898
2909
2899
2910
2911
5790
2901
2912
2902
2913
2903
2914
2904
2915
2905
2916
2906
2917
2907
2918
2908
2919
2909
2920
2910
2921
2911
2922
2923
5825
2913
2924
2914
2925
2915
2926
2916
2927
2917
2928
2918
2929
2919
2930
2920
2931
2921
2932
2922
2933
2923
2934
2935
5860
2925
2936
2926
2937
2927
2938
2928
2939
2929
2940
2930
2941
2931
2942
2932
2943
2933
2944
2934
2945
2935
2946
2947
5895
2937
2948
2938
2949
2939
2950
2940
2951
2941
2952
2942
2953
2943
2954
2944
2955
2945
2956
2946
2957
2947
2958
2959
5930
2949
2960
2950
2961
2951
2962
2952
2963
2953
2964
2954
2965
2955
2966
2956
2967
2957
2968
2958
2969
2959
2970
2971
5965
2961
2972
2962
2973
2963
2974
2964
2975
2965
2976
2966
2977
2967
2978
2968
2979
2969
2980
2970
2981
2971
2982
2983
6000
2973
2984
2974
2985
2975
2986
2976
2987
2977
2988
2978
2989
2979
2990
2980
2991
2981
2992
2982
2993
2983
2994
2995
6035
2985
2996
2986
2997
2987
2998
2988
2999
2989
3000
2990
3001
2991
3002
2992
3003
2993
3004
2994
3005
2995
3006
3007
6070
2997
3008
2998
3009
2999
3010
3000
3011
3001
3012
3002
3013
3003
3014
3004
3015
3005
3016
3006
3017
3007
3018
3019
6105
3009
3020
3010
3021
3011
3022
3012
3023
3013
3024
3014
3025
3015
3026
3016
3027
3017
3028
3018
3029
3019
3030
3031
6140
3021
3032
3022
3033
3023
3034
3024
3035
3025
3036
3026
3037
3027
3038
3028
3039
3029
3040
3030
3041
3031
3042
3043
6175
3033
3044
3034
3045
3035
3046
3036
3047
3037
3048
3038
3049
3039
3050
3040
3051
3041
3052
3042
3053
3043
3054
3055
6210
3045
3056
3046
3057
3047
3058
3048
3059
3049
3060
3050
3061
3051
3062
3052
3063
3053
3064
3054
3065
3055
3066
3067
6245
3057
3068
3058
3069
3059
3070
3060
3071
3061
3072
3062
3073
3063
3074
3064
3075
3065
3076
3066
3077
3067
3078
3079
6280
3069
3080
3070
3081
3071
3082
3072
3083
3073
3084
3074
3085
3075
3086
3076
3087
3077
3088
3078
3089
3079
3090
3091
6315
3081
3092
3082
3093
3083
3094
3084
3095
3085
3096
3086
3097
3087
3098
3088
3099
3089
3100
3090
3101
3091
3102
3103
6350
3093
3104
3094
3105
3095
3106
3096
3107
3097
3108
3098
3109
3099
3110
3100
3111
3101
3112
3102
3113
3103
3114
3115
6385
3105
3116
3106
3117
3107
3118
3108
3119
3109
3120
3110
3121
3111
3122
3112
3123
3113
3124
3114
3125
3115
3126
3127
6420
3117
3128
3118
3129
3119
3130
3120
3131
3121
3132
3122
3133
3123
3134
3124
3135
3125
3136
3126
3137
3127
3138
3139
6455
3129
3140
3130
3141
3131
3142
3132
3143
3133
3144
3134
3145
3135
3146
3136
3147
3137
3148
3138
3149
3139
3150
3151
6490
3141
3152
3142
3153
3143
3154
3144
3155
3145
3156
3146
3157
3147
3158
3148
3159
3149
3160
3150
3161
3151
3162
3163
6525
3153
3164
3154
3165
3155
3166
3156
3167
3157
3168
3158
3169
3159
3170
3160
3171
3161
3172
3162
3173
3163
3174
3175
6560
3165
3176
3166
3177
3167
3178
3168
3179
3169
3180
3170
3181
3171
3182
3172
3183
3173
3184
3174
3185
3175
3186
3187
6595
3177
3188
3178
3189
3179
3190
3180
3191
3181
3192
3182
3193
3183
3194
3184
3195
3185
3196
3186
3197
3187
3198
3199
6630
3189
3190
3191
3192
3193
3194
3195
3196
3197
3198
3199
6665
3201
3235
3202
3236
3203
3237
3204
3238
3205
3239
3206
3240
3207
3241
3208
3242
3209
3243
3210
3244
3211
3245
3212
3246
3213
3247
3214
3248
3215
3249
3216
3250
3217
3251
3218
3252
3219
3253
3220
3254
3221
3255
3222
3256
3223
3257
3224
3258
3225
3259
3226
3260
3227
3261
3228
3262
3229
3263
3230
3264
3231
3265
3232
3266
3233
3267
3234
3268
3269
3236
3270
3237
3271
3238
3272
3239
3273
3240
3274
3241
3275
3242
3276
3243
3277
3244
3278
3245
3279
3246
3280
3247
3281
3248
3282
3249
3283
3250
3284
3251
3285
3252
3286
3253
3287
3254
3288
3255
3289
3256
3290
3257
3291
3258
3292
3259
3293
3260
3294
3261
3295
3262
3296
3263
3297
3264
3298
3265
3299
3266
3300
3267
3301
3268
3302
3269
3303
3304
3271
3305
3272
3306
3273
3307
3274
3308
3275
3309
3276
3310
3277
3311
3278
3312
3279
3313
3280
3314
3281
3315
3282
3316
3283
3317
3284
3318
3285
3319
3286
3320
3287
3321
3288
3322
3289
3323
3290
3324
3291
3325
3292
3326
3293
3327
3294
3328
3295
3329
3296
3330
3297
3331
3298
3332
3299
3333
3300
3334
3301
3335
3302
3336
3303
3337
3304
3338
3339
3306
3340
3307
3341
3308
3342
3309
3343
3310
3344
3311
3345
3312
3346
3313
3347
3314
3348
3315
3349
3316
3350
3317
3351
3318
3352
3319
3353
3320
3354
3321
3355
3322
3356
3323
3357
3324
3358
3325
3359
3326
3360
3327
3361
3328
3362
3329
3363
3330
3364
3331
3365
3332
3366
3333
3367
3334
3368
3335
3369
3336
3370
3337
3371
3338
3372
3339
3373
3374
3341
3375
3342
3376
3343
3377
3344
3378
3345
3379
3346
3380
3347
3381
3348
3382
3349
3383
3350
3384
3351
3385
3352
3386
3353
3387
3354
3388
3355
3389
3356
3390
3357
3391
3358
3392
3359
3393
3360
3394
3361
3395
3362
3396
3363
3397
3364
3398
3365
3399
3366
3400
3367
3401
3368
3402
3369
3403
3370
3404
3371
3405
3372
3406
3373
3407
3374
3408
3409
3376
3410
3377
3411
3378
3412
3379
3413
3380
3414
3381
3415
3382
3416
3383
3417
3384
3418
3385
3419
3386
3420
3387
3421
3388
3422
3389
3423
3390
3424
3391
3425
3392
3426
3393
3427
3394
3428
3395
3429
3396
3430
3397
3431
3398
3432
3399
3433
3400
3434
3401
3435
3402
3436
3403
3437
3404
3438
3405
3439
3406
3440
3407
3441
3408
3442
3409
3443
3444
3411
3445
3412
3446
3413
3447
3414
3448
3415
3449
3416
3450
3417
3451
3418
3452
3419
3453
3420
3454
3421
3455
3422
3456
3423
3457
3424
3458
3425
3459
3426
3460
3427
3461
3428
3462
3429
3463
3430
3464
3431
3465
3432
3466
3433
3467
3434
3468
3435
3469
3436
3470
3437
3471
3438
3472
3439
3473
3440
3474
3441
3475
3442
3476
3443
3477
3444
3478
3479
3446
3480
3447
3481
3448
3482
3449
3483
3450
3484
3451
3485
3452
3486
3453
3487
3454
3488
3455
3489
3456
3490
3457
3491
3458
3492
3459
3493
3460
3494
3461
3495
3462
3496
3463
3497
3464
3498
3465
3499
3466
3500
3467
3501
3468
3502
3469
3503
3470
3504
3471
3505
3472
3506
3473
3507
3474
3508
3475
3509
3476
3510
3477
3511
3478
3512
3479
3513
3514
3481
3515
3482
3516
3483
3517
3484
3518
3485
3519
3486
3520
3487
3521
3488
3522
3489
3523
3490
3524
3491
3525
3492
3526
3493
3527
3494
3528
3495
3529
3496
3530
3497
3531
3498
3532
3499
3533
3500
3534
3501
3535
3502
3536
3503
3537
3504
3538
3505
3539
3506
3540
3507
3541
3508
3542
3509
3543
3510
3544
3511
3545
3512
3546
3513
3547
3514
3548
3549
3516
3550
3517
3551
3518
3552
3519
3553
3520
3554
3521
3555
3522
3556
3523
3557
3524
3558
3525
3559
3526
3560
3527
3561
3528
3562
3529
3563
3530
3564
3531
3565
3532
3566
3533
3567
3534
3568
3535
3569
3536
3570
3537
3571
3538
3572
3539
3573
3540
3574
3541
3575
3542
3576
3543
3577
3544
3578
3545
3579
3546
3580
3547
3581
3548
3582
3549
3583
3584
3551
3585
3552
3586
3553
3587
3554
3588
3555
3589
3556
3590
3557
3591
3558
3592
3559
3593
3560
3594
3561
3595
3562
3596
3563
3597
3564
3598
3565
3599
3566
3600
3567
3601
3568
3602
3569
3603
3570
3604
3571
3605
3572
3606
3573
3607
3574
3608
3575
3609
3576
3610
3577
3611
3578
3612
3579
3613
3580
3614
3581
3615
3582
3616
3583
3617
3584
3618
3619
3586
3620
3587
3621
3588
3622
3589
3623
3590
3624
3591
3625
3592
3626
3593
3627
3594
3628
3595
3629
3596
3630
3597
3631
3598
3632
3599
3633
3600
3634
3601
3635
3602
3636
3603
3637
3604
3638
3605
3639
3606
3640
3607
3641
3608
3642
3609
3643
3610
3644
3611
3645
3612
3646
3613
3647
3614
3648
3615
3649
3616
3650
3617
3651
3618
3652
3619
3653
3654
3621
3655
3622
3656
3623
3657
3624
3658
3625
3659
3626
3660
3627
3661
3628
3662
3629
3663
3630
3664
3631
3665
3632
3666
3633
3667
3634
3668
3635
3669
3636
3670
3637
3671
3638
3672
3639
3673
3640
3674
3641
3675
3642
3676
3643
3677
3644
3678
3645
3679
3646
3680
3647
3681
3648
3682
3649
3683
3650
3684
3651
3685
3652
3686
3653
3687
3654
3688
3689
3656
3690
3657
3691
3658
3692
3659
3693
3660
3694
3661
3695
3662
3696
3663
3697
3664
3698
3665
3699
3666
3700
3667
3701
3668
3702
3669
3703
3670
3704
3671
3705
3672
3706
3673
3707
3674
3708
3675
3709
3676
3710
3677
3711
3678
3712
3679
3713
3680
3714
3681
3715
3682
3716
3683
3717
3684
3718
3685
3719
3686
3720
3687
3721
3688
3722
3689
3723
3724
3691
3725
3692
3726
3693
3727
3694
3728
3695
3729
3696
3730
3697
3731
3698
3732
3699
3733
3700
3734
3701
3735
3702
3736
3703
3737
3704
3738
3705
3739
3706
3740
3707
3741
3708
3742
3709
3743
3710
3744
3711
3745
3712
3746
3713
3747
3714
3748
3715
3749
3716
3750
3717
3751
3718
3752
3719
3753
3720
3754
3721
3755
3722
3756
3723
3757
3724
3758
3759
3726
3760
3727
3761
3728
3762
3729
3763
3730
3764
3731
3765
3732
3766
3733
3767
3734
3768
3735
3769
3736
3770
3737
3771
3738
3772
3739
3773
3740
3774
3741
3775
3742
3776
3743
3777
3744
3778
3745
3779
3746
3780
3747
3781
3748
3782
3749
3783
3750
3784
3751
3785
3752
3786
3753
3787
3754
3788
3755
3789
3756
3790
3757
3791
3758
3792
3759
3793
3794
3761
3795
3762
3796
3763
3797
3764
3798
3765
3799
3766
3800
3767
3801
3768
3802
3769
3803
3770
3804
3771
3805
3772
3806
3773
3807
3774
3808
3775
3809
3776
3810
3777
3811
3778
3812
3779
3813
3780
3814
3781
3815
3782
3816
3783
3817
3784
3818
3785
3819
3786
3820
3787
3821
3788
3822
3789
3823
3790
3824
3791
3825
3792
3826
3793
3827
3794
3828
3829
3796
3830
3797
3831
3798
3832
3799
3833
3800
3834
3801
3835
3802
3836
3803
3837
3804
3838
3805
3839
3806
3840
3807
3841
3808
3842
3809
3843
3810
3844
3811
3845
3812
3846
3813
3847
3814
3848
3815
3849
3816
3850
3817
3851
3818
3852
3819
3853
3820
3854
3821
3855
3822
3856
3823
3857
3824
3858
3825
3859
3826
3860
3827
3861
3828
3862
3829
3863
3864
3831
3865
3832
3866
3833
3867
3834
3868
3835
3869
3836
3870
3837
3871
3838
3872
3839
3873
3840
3874
3841
3875
3842
3876
3843
3877
3844
3878
3845
3879
3846
3880
3847
3881
3848
3882
3849
3883
3850
3884
3851
3885
3852
3886
3853
3887
3854
3888
3855
3889
3856
3890
3857
3891
3858
3892
3859
3893
3860
3894
3861
3895
3862
3896
3863
3897
3864
3898
3899
3866
3900
3867
3901
3868
3902
3869
3903
3870
3904
3871
3905
3872
3906
3873
3907
3874
3908
3875
3909
3876
3910
3877
3911
3878
3912
3879
3913
3880
3914
3881
3915
3882
3916
3883
3917
3884
3918
3885
3919
3886
3920
3887
3921
3888
3922
3889
3923
3890
3924
3891
3925
3892
3926
3893
3927
3894
3928
3895
3929
3896
3930
3897
3931
3898
3932
3899
3933
3934
3901
3935
3902
3936
3903
3937
3904
3938
3905
3939
3906
3940
3907
3941
3908
3942
3909
3943
3910
3944
3911
3945
3912
3946
3913
3947
3914
3948
3915
3949
3916
3950
3917
3951
3918
3952
3919
3953
3920
3954
3921
3955
3922
3956
3923
3957
3924
3958
3925
3959
3926
3960
3927
3961
3928
3962
3929
3963
3930
3964
3931
3965
3932
3966
3933
3967
3934
3968
3969
3936
3970
3937
3971
3938
3972
3939
3973
3940
3974
3941
3975
3942
3976
3943
3977
3944
3978
3945
3979
3946
3980
3947
3981
3948
3982
3949
3983
3950
3984
3951
3985
3952
3986
3953
3987
3954
3988
3955
3989
3956
3990
3957
3991
3958
3992
3959
3993
3960
3994
3961
3995
3962
3996
3963
3997
3964
3998
3965
3999
3966
4000
3967
4001
3968
4002
3969
4003
4004
3971
4005
3972
4006
3973
4007
3974
4008
3975
4009
3976
4010
3977
4011
3978
4012
3979
4013
3980
4014
3981
4015
3982
4016
3983
4017
3984
4018
3985
4019
3986
4020
3987
4021
3988
4022
3989
4023
3990
4024
3991
4025
3992
4026
3993
4027
3994
4028
3995
4029
3996
4030
3997
4031
3998
4032
3999
4033
4000
4034
4001
4035
4002
4036
4003
4037
4004
4038
4039
4006
4040
4007
4041
4008
4042
4009
4043
4010
4044
4011
4045
4012
4046
4013
4047
4014
4048
4015
4049
4016
4050
4017
4051
4018
4052
4019
4053
4020
4054
4021
4055
4022
4056
4023
4057
4024
4058
4025
4059
4026
4060
4027
4061
4028
4062
4029
4063
4030
4064
4031
4065
4032
4066
4033
4067
4034
4068
4035
4069
4036
4070
4037
4071
4038
4072
4039
4073
4074
4041
4075
4042
4076
4043
4077
4044
4078
4045
4079
4046
4080
4047
4081
4048
4082
4049
4083
4050
4084
4051
4085
4052
4086
4053
4087
4054
4088
4055
4089
4056
4090
4057
4091
4058
4092
4059
4093
4060
4094
4061
4095
4062
4096
4063
4097
4064
4098
4065
4099
4066
4100
4067
4101
4068
4102
4069
4103
4070
4104
4071
4105
4072
4106
4073
4107
4074
4108
4109
4076
4110
4077
4111
4078
4112
4079
4113
4080
4114
4081
4115
4082
4116
4083
4117
4084
4118
4085
4119
4086
4120
4087
4121
4088
4122
4089
4123
4090
4124
4091
4125
4092
4126
4093
4127
4094
4128
4095
4129
4096
4130
4097
4131
4098
4132
4099
4133
4100
4134
4101
4135
4102
4136
4103
4137
4104
4138
4105
4139
4106
4140
4107
4141
4108
4142
4109
4143
4144
4111
4145
4112
4146
4113
4147
4114
4148
4115
4149
4116
4150
4117
4151
4118
4152
4119
4153
4120
4154
4121
4155
4122
4156
4123
4157
4124
4158
4125
4159
4126
4160
4127
4161
4128
4162
4129
4163
4130
4164
4131
4165
4132
4166
4133
4167
4134
4168
4135
4169
4136
4170
4137
4171
4138
4172
4139
4173
4140
4174
4141
4175
4142
4176
4143
4177
4144
4178
4179
4146
4180
4147
4181
4148
4182
4149
4183
4150
4184
4151
4185
4152
4186
4153
4187
4154
4188
4155
4189
4156
4190
4157
4191
4158
4192
4159
4193
4160
4194
4161
4195
4162
4196
4163
4197
4164
4198
4165
4199
4166
4200
4167
4201
4168
4202
4169
4203
4170
4204
4171
4205
4172
4206
4173
4207
4174
4208
4175
4209
4176
4210
4177
4211
4178
4212
4179
4213
4214
4181
4215
4182
4216
4183
4217
4184
4218
4185
4219
4186
4220
4187
4221
4188
4222
4189
4223
4190
4224
4191
4225
4192
4226
4193
4227
4194
4228
4195
4229
4196
4230
4197
4231
4198
4232
4199
4233
4200
4234
4201
4235
4202
4236
4203
4237
4204
4238
4205
4239
4206
4240
4207
4241
4208
4242
4209
4243
4210
4244
4211
4245
4212
4246
4213
4247
4214
4248
4249
4216
4250
4217
4251
4218
4252
4219
4253
4220
4254
4221
4255
4222
4256
4223
4257
4224
4258
4225
4259
4226
4260
4227
4261
4228
4262
4229
4263
4230
4264
4231
4265
4232
4266
4233
4267
4234
4268
4235
4269
4236
4270
4237
4271
4238
4272
4239
4273
4240
4274
4241
4275
4242
4276
4243
4277
4244
4278
4245
4279
4246
4280
4247
4281
4248
4282
4249
4283
4284
4251
4285
4252
4286
4253
4287
4254
4288
4255
4289
4256
4290
4257
4291
4258
4292
4259
4293
4260
4294
4261
4295
4262
4296
4263
4297
4264
4298
4265
4299
4266
4300
4267
4301
4268
4302
4269
4303
4270
4304
4271
4305
4272
4306
4273
4307
4274
4308
4275
4309
4276
4310
4277
4311
4278
4312
4279
4313
4280
4314
4281
4315
4282
4316
4283
4317
4284
4318
4319
4286
4320
4287
4321
4288
4322
4289
4323
4290
4324
4291
4325
4292
4326
4293
4327
4294
4328
4295
4329
4296
4330
4297
4331
4298
4332
4299
4333
4300
4334
4301
4335
4302
4336
4303
4337
4304
4338
4305
4339
4306
4340
4307
4341
4308
4342
4309
4343
4310
4344
4311
4345
4312
4346
4313
4347
4314
4348
4315
4349
4316
4350
4317
4351
4318
4352
4319
4353
4354
4321
4355
4322
4356
4323
4357
4324
4358
4325
4359
4326
4360
4327
4361
4328
4362
4329
4363
4330
4364
4331
4365
4332
4366
4333
4367
4334
4368
4335
4369
4336
4370
4337
4371
4338
4372
4339
4373
4340
4374
4341
4375
4342
4376
4343
4377
4344
4378
4345
4379
4346
4380
4347
4381
4348
4382
4349
4383
4350
4384
4351
4385
4352
4386
4353
4387
4354
4388
4389
4356
4390
4357
4391
4358
4392
4359
4393
4360
4394
4361
4395
4362
4396
4363
4397
4364
4398
4365
4399
4366
4400
4367
4401
4368
4402
4369
4403
4370
4404
4371
4405
4372
4406
4373
4407
4374
4408
4375
4409
4376
4410
4377
4411
4378
4412
4379
4413
4380
4414
4381
4415
4382
4416
4383
4417
4384
4418
4385
4419
4386
4420
4387
4421
4388
4422
4389
4423
4424
4391
4425
4392
4426
4393
4427
4394
4428
4395
4429
4396
4430
4397
4431
4398
4432
4399
4433
4400
4434
4401
4435
4402
4436
4403
4437
4404
4438
4405
4439
4406
4440
4407
4441
4408
4442
4409
4443
4410
4444
4411
4445
4412
4446
4413
4447
4414
4448
4415
4449
4416
4450
4417
4451
4418
4452
4419
4453
4420
4454
4421
4455
4422
4456
4423
4457
4424
4458
4459
4426
4460
4427
4461
4428
4462
4429
4463
4430
4464
4431
4465
4432
4466
4433
4467
4434
4468
4435
4469
4436
4470
4437
4471
4438
4472
4439
4473
4440
4474
4441
4475
4442
4476
4443
4477
4444
4478
4445
4479
4446
4480
4447
4481
4448
4482
4449
4483
4450
4484
4451
4485
4452
4486
4453
4487
4454
4488
4455
4489
4456
4490
4457
4491
4458
4492
4459
4493
4494
4461
4495
4462
4496
4463
4497
4464
4498
4465
4499
4466
4500
4467
4501
4468
4502
4469
4503
4470
4504
4471
4505
4472
4506
4473
4507
4474
4508
4475
4509
4476
4510
4477
4511
4478
4512
4479
4513
4480
4514
4481
4515
4482
4516
4483
4517
4484
4518
4485
4519
4486
4520
4487
4521
4488
4522
4489
4523
4490
4524
4491
4525
4492
4526
4493
4527
4494
4528
4529
4496
4530
4497
4531
4498
4532
4499
4533
4500
4534
4501
4535
4502
4536
4503
4537
4504
4538
4505
4539
4506
4540
4507
4541
4508
4542
4509
4543
4510
4544
4511
4545
4512
4546
4513
4547
4514
4548
4515
4549
4516
4550
4517
4551
4518
4552
4519
4553
4520
4554
4521
4555
4522
4556
4523
4557
4524
4558
4525
4559
4526
4560
4527
4561
4528
4562
4529
4563
4564
4531
4565
4532
4566
4533
4567
4534
4568
4535
4569
4536
4570
4537
4571
4538
4572
4539
4573
4540
4574
4541
4575
4542
4576
4543
4577
4544
4578
4545
4579
4546
4580
4547
4581
4548
4582
4549
4583
4550
4584
4551
4585
4552
4586
4553
4587
4554
4588
4555
4589
4556
4590
4557
4591
4558
4592
4559
4593
4560
4594
4561
4595
4562
4596
4563
4597
4564
4598
4599
4566
4600
4567
4601
4568
4602
4569
4603
4570
4604
4571
4605
4572
4606
4573
4607
4574
4608
4575
4609
4576
4610
4577
4611
4578
4612
4579
4613
4580
4614
4581
4615
4582
4616
4583
4617
4584
4618
4585
4619
4586
4620
4587
4621
4588
4622
4589
4623
4590
4624
4591
4625
4592
4626
4593
4627
4594
4628
4595
4629
4596
4630
4597
4631
4598
4632
4599
4633
4634
4601
4635
4602
4636
4603
4637
4604
4638
4605
4639
4606
4640
4607
4641
4608
4642
4609
4643
4610
4644
4611
4645
4612
4646
4613
4647
4614
4648
4615
4649
4616
4650
4617
4651
4618
4652
4619
4653
4620
4654
4621
4655
4622
4656
4623
4657
4624
4658
4625
4659
4626
4660
4627
4661
4628
4662
4629
4663
4630
4664
4631
4665
4632
4666
4633
4667
4634
4668
4669
4636
4670
4637
4671
4638
4672
4639
4673
4640
4674
4641
4675
4642
4676
4643
4677
4644
4678
4645
4679
4646
4680
4647
4681
4648
4682
4649
4683
4650
4684
4651
4685
4652
4686
4653
4687
4654
4688
4655
4689
4656
4690
4657
4691
4658
4692
4659
4693
4660
4694
4661
4695
4662
4696
4663
4697
4664
4698
4665
4699
4666
4700
4667
4701
4668
4702
4669
4703
4704
4671
4705
4672
4706
4673
4707
4674
4708
4675
4709
4676
4710
4677
4711
4678
4712
4679
4713
4680
4714
4681
4715
4682
4716
4683
4717
4684
4718
4685
4719
4686
4720
4687
4721
4688
4722
4689
4723
4690
4724
4691
4725
4692
4726
4693
4727
4694
4728
4695
4729
4696
4730
4697
4731
4698
4732
4699
4733
4700
4734
4701
4735
4702
4736
4703
4737
4704
4738
4739
4706
4740
4707
4741
4708
4742
4709
4743
4710
4744
4711
4745
4712
4746
4713
4747
4714
4748
4715
4749
4716
4750
4717
4751
4718
4752
4719
4753
4720
4754
4721
4755
4722
4756
4723
4757
4724
4758
4725
4759
4726
4760
4727
4761
4728
4762
4729
4763
4730
4764
4731
4765
4732
4766
4733
4767
4734
4768
4735
4769
4736
4770
4737
4771
4738
4772
4739
4773
4774
4741
4775
4742
4776
4743
4777
4744
4778
4745
4779
4746
4780
4747
4781
4748
4782
4749
4783
4750
4784
4751
4785
4752
4786
4753
4787
4754
4788
4755
4789
4756
4790
4757
4791
4758
4792
4759
4793
4760
4794
4761
4795
4762
4796
4763
4797
4764
4798
4765
4799
4766
4800
4767
4801
4768
4802
4769
4803
4770
4804
4771
4805
4772
4806
4773
4807
4774
4808
4809
4776
4810
4777
4811
4778
4812
4779
4813
4780
4814
4781
4815
4782
4816
4783
4817
4784
4818
4785
4819
4786
4820
4787
4821
4788
4822
4789
4823
4790
4824
4791
4825
4792
4826
4793
4827
4794
4828
4795
4829
4796
4830
4797
4831
4798
4832
4799
4833
4800
4834
4801
4835
4802
4836
4803
4837
4804
4838
4805
4839
4806
4840
4807
4841
4808
4842
4809
4843
4844
4811
4845
4812
4846
4813
4847
4814
4848
4815
4849
4816
4850
4817
4851
4818
4852
4819
4853
4820
4854
4821
4855
4822
4856
4823
4857
4824
4858
4825
4859
4826
4860
4827
4861
4828
4862
4829
4863
4830
4864
4831
4865
4832
4866
4833
4867
4834
4868
4835
4869
4836
4870
4837
4871
4838
4872
4839
4873
4840
4874
4841
4875
4842
4876
4843
4877
4844
4878
4879
4846
4880
4847
4881
4848
4882
4849
4883
4850
4884
4851
4885
4852
4886
4853
4887
4854
4888
4855
4889
4856
4890
4857
4891
4858
4892
4859
4893
4860
4894
4861
4895
4862
4896
4863
4897
4864
4898
4865
4899
4866
4900
4867
4901
4868
4902
4869
4903
4870
4904
4871
4905
4872
4906
4873
4907
4874
4908
4875
4909
4876
4910
4877
4911
4878
4912
4879
4913
4914
4881
4915
4882
4916
4883
4917
4884
4918
4885
4919
4886
4920
4887
4921
4888
4922
4889
4923
4890
4924
4891
4925
4892
4926
4893
4927
4894
4928
4895
4929
4896
4930
4897
4931
4898
4932
4899
4933
4900
4934
4901
4935
4902
4936
4903
4937
4904
4938
4905
4939
4906
4940
4907
4941
4908
4942
4909
4943
4910
4944
4911
4945
4912
4946
4913
4947
4914
4948
4949
4916
4917
4918
4919
4920
4921
4922
4923
4924
4925
4926
4927
4928
4929
4930
4931
4932
4933
4934
4935
4936
4937
4938
4939
4940
4941
4942
4943
4944
4945
4946
4947
4948
4949
4951
4985
4952
4986
4953
4987
4954
4988
4955
4989
4956
4990
4957
4991
4958
4992
4959
4993
4960
4994
4961
4995
4962
4996
4963
4997
4964
4998
4965
4999
4966
5000
4967
5001
4968
5002
4969
5003
4970
5004
4971
5005
4972
5006
4973
5007
4974
5008
4975
5009
4976
5010
4977
5011
4978
5012
4979
5013
4980
5014
4981
5015
4982
5016
4983
5017
4984
5018
5019
6700
4986
5020
4987
5021
4988
5022
4989
5023
4990
5024
4991
5025
4992
5026
4993
5027
4994
5028
4995
5029
4996
5030
4997
5031
4998
5032
4999
5033
5000
5034
5001
5035
5002
5036
5003
5037
5004
5038
5005
5039
5006
5040
5007
5041
5008
5042
5009
5043
5010
5044
5011
5045
5012
5046
5013
5047
5014
5048
5015
5049
5016
5050
5017
5051
5018
5052
5019
5053
5054
6750
5021
5055
5022
5056
5023
5057
5024
5058
5025
5059
5026
5060
5027
5061
5028
5062
5029
5063
5030
5064
5031
5065
5032
5066
5033
5067
5034
5068
5035
5069
5036
5070
5037
5071
5038
5072
5039
5073
5040
5074
5041
5075
5042
5076
5043
5077
5044
5078
5045
5079
5046
5080
5047
5081
5048
5082
5049
5083
5050
5084
5051
5085
5052
5086
5053
5087
5054
5088
5089
6800
5056
5090
5057
5091
5058
5092
5059
5093
5060
5094
5061
5095
5062
5096
5063
5097
5064
5098
5065
5099
5066
5100
5067
5101
5068
5102
5069
5103
5070
5104
5071
5105
5072
5106
5073
5107
5074
5108
5075
5109
5076
5110
5077
5111
5078
5112
5079
5113
5080
5114
5081
5115
5082
5116
5083
5117
5084
5118
5085
5119
5086
5120
5087
5121
5088
5122
5089
5123
5124
6850
5091
5125
5092
5126
5093
5127
5094
5128
5095
5129
5096
5130
5097
5131
5098
5132
5099
5133
5100
5134
5101
5135
5102
5136
5103
5137
5104
5138
5105
5139
5106
5140
5107
5141
5108
5142
5109
5143
5110
5144
5111
5145
5112
5146
5113
5147
5114
5148
5115
5149
5116
5150
5117
5151
5118
5152
5119
5153
5120
5154
5121
5155
5122
5156
5123
5157
5124
5158
5159
6900
5126
5160
5127
5161
5128
5162
5129
5163
5130
5164
5131
5165
5132
5166
5133
5167
5134
5168
5135
5169
5136
5170
5137
5171
5138
5172
5139
5173
5140
5174
5141
5175
5142
5176
5143
5177
5144
5178
5145
5179
5146
5180
5147
5181
5148
5182
5149
5183
5150
5184
5151
5185
5152
5186
5153
5187
5154
5188
5155
5189
5156
5190
5157
5191
5158
5192
5159
5193
5194
6950
5161
5195
5162
5196
5163
5197
5164
5198
5165
5199
5166
5200
5167
5201
5168
5202
5169
5203
5170
5204
5171
5205
5172
5206
5173
5207
5174
5208
5175
5209
5176
5210
5177
5211
5178
5212
5179
5213
5180
5214
5181
5215
5182
5216
5183
5217
5184
5218
5185
5219
5186
5220
5187
5221
5188
5222
5189
5223
5190
5224
5191
5225
5192
5226
5193
5227
5194
5228
5229
7000
5196
5230
5197
5231
5198
5232
5199
5233
5200
5234
5201
5235
5202
5236
5203
5237
5204
5238
5205
5239
5206
5240
5207
5241
5208
5242
5209
5243
5210
5244
5211
5245
5212
5246
5213
5247
5214
5248
5215
5249
5216
5250
5217
5251
5218
5252
5219
5253
5220
5254
5221
5255
5222
5256
5223
5257
5224
5258
5225
5259
5226
5260
5227
5261
5228
5262
5229
5263
5264
7050
5231
5265
5232
5266
5233
5267
5234
5268
5235
5269
5236
5270
5237
5271
5238
5272
5239
5273
5240
5274
5241
5275
5242
5276
5243
5277
5244
5278
5245
5279
5246
5280
5247
5281
5248
5282
5249
5283
5250
5284
5251
5285
5252
5286
5253
5287
5254
5288
5255
5289
5256
5290
5257
5291
5258
5292
5259
5293
5260
5294
5261
5295
5262
5296
5263
5297
5264
5298
5299
7100
5266
5300
5267
5301
5268
5302
5269
5303
5270
5304
5271
5305
5272
5306
5273
5307
5274
5308
5275
5309
5276
5310
5277
5311
5278
5312
5279
5313
5280
5314
5281
5315
5282
5316
5283
5317
5284
5318
5285
5319
5286
5320
5287
5321
5288
5322
5289
5323
5290
5324
5291
5325
5292
5326
5293
5327
5294
5328
5295
5329
5296
5330
5297
5331
5298
5332
5299
5333
5334
7150
5301
5335
5302
5336
5303
5337
5304
5338
5305
5339
5306
5340
5307
5341
5308
5342
5309
5343
5310
5344
5311
5345
5312
5346
5313
5347
5314
5348
5315
5349
5316
5350
5317
5351
5318
5352
5319
5353
5320
5354
5321
5355
5322
5356
5323
5357
5324
5358
5325
5359
5326
5360
5327
5361
5328
5362
5329
5363
5330
5364
5331
5365
5332
5366
5333
5367
5334
5368
5369
7200
5336
5370
5337
5371
5338
5372
5339
5373
5340
5374
5341
5375
5342
5376
5343
5377
5344
5378
5345
5379
5346
5380
5347
5381
5348
5382
5349
5383
5350
5384
5351
5385
5352
5386
5353
5387
5354
5388
5355
5389
5356
5390
5357
5391
5358
5392
5359
5393
5360
5394
5361
5395
5362
5396
5363
5397
5364
5398
5365
5399
5366
5400
5367
5401
5368
5402
5369
5403
5404
7250
5371
5405
5372
5406
5373
5407
5374
5408
5375
5409
5376
5410
5377
5411
5378
5412
5379
5413
5380
5414
5381
5415
5382
5416
5383
5417
5384
5418
5385
5419
5386
5420
5387
5421
5388
5422
5389
5423
5390
5424
5391
5425
5392
5426
5393
5427
5394
5428
5395
5429
5396
5430
5397
5431
5398
5432
5399
5433
5400
5434
5401
5435
5402
5436
5403
5437
5404
5438
5439
7300
5406
5440
5407
5441
5408
5442
5409
5443
5410
5444
5411
5445
5412
5446
5413
5447
5414
5448
5415
5449
5416
5450
5417
5451
5418
5452
5419
5453
5420
5454
5421
5455
5422
5456
5423
5457
5424
5458
5425
5459
5426
5460
5427
5461
5428
5462
5429
5463
5430
5464
5431
5465
5432
5466
5433
5467
5434
5468
5435
5469
5436
5470
5437
5471
5438
5472
5439
5473
5474
7350
5441
5475
5442
5476
5443
5477
5444
5478
5445
5479
5446
5480
5447
5481
5448
5482
5449
5483
5450
5484
5451
5485
5452
5486
5453
5487
5454
5488
5455
5489
5456
5490
5457
5491
5458
5492
5459
5493
5460
5494
5461
5495
5462
5496
5463
5497
5464
5498
5465
5499
5466
5500
5467
5501
5468
5502
5469
5503
5470
5504
5471
5505
5472
5506
5473
5507
5474
5508
5509
7400
5476
5510
5477
5511
5478
5512
5479
5513
5480
5514
5481
5515
5482
5516
5483
5517
5484
5518
5485
5519
5486
5520
5487
5521
5488
5522
5489
5523
5490
5524
5491
5525
5492
5526
5493
5527
5494
5528
5495
5529
5496
5530
5497
5531
5498
5532
5499
5533
5500
5534
5501
5535
5502
5536
5503
5537
5504
5538
5505
5539
5506
5540
5507
5541
5508
5542
5509
5543
5544
7450
5511
5545
5512
5546
5513
5547
5514
5548
5515
5549
5516
5550
5517
5551
5518
5552
5519
5553
5520
5554
5521
5555
5522
5556
5523
5557
5524
5558
5525
5559
5526
5560
5527
5561
5528
5562
5529
5563
5530
5564
5531
5565
5532
5566
5533
5567
5534
5568
5535
5569
5536
5570
5537
5571
5538
5572
5539
5573
5540
5574
5541
5575
5542
5576
5543
5577
5544
5578
5579
7500
5546
5580
5547
5581
5548
5582
5549
5583
5550
5584
5551
5585
5552
5586
5553
5587
5554
5588
5555
5589
5556
5590
5557
5591
5558
5592
5559
5593
5560
5594
5561
5595
5562
5596
5563
5597
5564
5598
5565
5599
5566
5600
5567
5601
5568
5602
5569
5603
5570
5604
5571
5605
5572
5606
5573
5607
5574
5608
5575
5609
5576
5610
5577
5611
5578
5612
5579
5613
5614
7550
5581
5615
5582
5616
5583
5617
5584
5618
5585
5619
5586
5620
5587
5621
5588
5622
5589
5623
5590
5624
5591
5625
5592
5626
5593
5627
5594
5628
5595
5629
5596
5630
5597
5631
5598
5632
5599
5633
5600
5634
5601
5635
5602
5636
5603
5637
5604
5638
5605
5639
5606
5640
5607
5641
5608
5642
5609
5643
5610
5644
5611
5645
5612
5646
5613
5647
5614
5648
5649
7600
5616
5650
5617
5651
5618
5652
5619
5653
5620
5654
5621
5655
5622
5656
5623
5657
5624
5658
5625
5659
5626
5660
5627
5661
5628
5662
5629
5663
5630
5664
5631
5665
5632
5666
5633
5667
5634
5668
5635
5669
5636
5670
5637
5671
5638
5672
5639
5673
5640
5674
5641
5675
5642
5676
5643
5677
5644
5678
5645
5679
5646
5680
5647
5681
5648
5682
5649
5683
5684
7650
5651
5685
5652
5686
5653
5687
5654
5688
5655
5689
5656
5690
5657
5691
5658
5692
5659
5693
5660
5694
5661
5695
5662
5696
5663
5697
5664
5698
5665
5699
5666
5700
5667
5701
5668
5702
5669
5703
5670
5704
5671
5705
5672
5706
5673
5707
5674
5708
5675
5709
5676
5710
5677
5711
5678
5712
5679
5713
5680
5714
5681
5715
5682
5716
5683
5717
5684
5718
5719
7700
5686
5720
5687
5721
5688
5722
5689
5723
5690
5724
5691
5725
5692
5726
5693
5727
5694
5728
5695
5729
5696
5730
5697
5731
5698
5732
5699
5733
5700
5734
5701
5735
5702
5736
5703
5737
5704
5738
5705
5739
5706
5740
5707
5741
5708
5742
5709
5743
5710
5744
5711
5745
5712
5746
5713
5747
5714
5748
5715
5749
5716
5750
5717
5751
5718
5752
5719
5753
5754
7750
5721
5755
5722
5756
5723
5757
5724
5758
5725
5759
5726
5760
5727
5761
5728
5762
5729
5763
5730
5764
5731
5765
5732
5766
5733
5767
5734
5768
5735
5769
5736
5770
5737
5771
5738
5772
5739
5773
5740
5774
5741
5775
5742
5776
5743
5777
5744
5778
5745
5779
5746
5780
5747
5781
5748
5782
5749
5783
5750
5784
5751
5785
5752
5786
5753
5787
5754
5788
5789
7800
5756
5790
5757
5791
5758
5792
5759
5793
5760
5794
5761
5795
5762
5796
5763
5797
5764
5798
5765
5799
5766
5800
5767
5801
5768
5802
5769
5803
5770
5804
5771
5805
5772
5806
5773
5807
5774
5808
5775
5809
5776
5810
5777
5811
5778
5812
5779
5813
5780
5814
5781
5815
5782
5816
5783
5817
5784
5818
5785
5819
5786
5820
5787
5821
5788
5822
5789
5823
5824
7850
5791
5825
5792
5826
5793
5827
5794
5828
5795
5829
5796
5830
5797
5831
5798
5832
5799
5833
5800
5834
5801
5835
5802
5836
5803
5837
5804
5838
5805
5839
5806
5840
5807
5841
5808
5842
5809
5843
5810
5844
5811
5845
5812
5846
5813
5847
5814
5848
5815
5849
5816
5850
5817
5851
5818
5852
5819
5853
5820
5854
5821
5855
5822
5856
5823
5857
5824
5858
5859
7900
5826
5860
5827
5861
5828
5862
5829
5863
5830
5864
5831
5865
5832
5866
5833
5867
5834
5868
5835
5869
5836
5870
5837
5871
5838
5872
5839
5873
5840
5874
5841
5875
5842
5876
5843
5877
5844
5878
5845
5879
5846
5880
5847
5881
5848
5882
5849
5883
5850
5884
5851
5885
5852
5886
5853
5887
5854
5888
5855
5889
5856
5890
5857
5891
5858
5892
5859
5893
5894
7950
5861
5895
5862
5896
5863
5897
5864
5898
5865
5899
5866
5900
5867
5901
5868
5902
5869
5903
5870
5904
5871
5905
5872
5906
5873
5907
5874
5908
5875
5909
5876
5910
5877
5911
5878
5912
5879
5913
5880
5914
5881
5915
5882
5916
5883
5917
5884
5918
5885
5919
5886
5920
5887
5921
5888
5922
5889
5923
5890
5924
5891
5925
5892
5926
5893
5927
5894
5928
5929
8000
5896
5930
5897
5931
5898
5932
5899
5933
5900
5934
5901
5935
5902
5936
5903
5937
5904
5938
5905
5939
5906
5940
5907
5941
5908
5942
5909
5943
5910
5944
5911
5945
5912
5946
5913
5947
5914
5948
5915
5949
5916
5950
5917
5951
5918
5952
5919
5953
5920
5954
5921
5955
5922
5956
5923
5957
5924
5958
5925
5959
5926
5960
5927
5961
5928
5962
5929
5963
5964
8050
5931
5965
5932
5966
5933
5967
5934
5968
5935
5969
5936
5970
5937
5971
5938
5972
5939
5973
5940
5974
5941
5975
5942
5976
5943
5977
5944
5978
5945
5979
5946
5980
5947
5981
5948
5982
5949
5983
5950
5984
5951
5985
5952
5986
5953
5987
5954
5988
5955
5989
5956
5990
5957
5991
5958
5992
5959
5993
5960
5994
5961
5995
5962
5996
5963
5997
5964
5998
5999
8100
5966
6000
5967
6001
5968
6002
5969
6003
5970
6004
5971
6005
5972
6006
5973
6007
5974
6008
5975
6009
5976
6010
5977
6011
5978
6012
5979
6013
5980
6014
5981
6015
5982
6016
5983
6017
5984
6018
5985
6019
5986
6020
5987
6021
5988
6022
5989
6023
5990
6024
5991
6025
5992
6026
5993
6027
5994
6028
5995
6029
5996
6030
5997
6031
5998
6032
5999
6033
6034
8150
6001
6035
6002
6036
6003
6037
6004
6038
6005
6039
6006
6040
6007
6041
6008
6042
6009
6043
6010
6044
6011
6045
6012
6046
6013
6047
6014
6048
6015
6049
6016
6050
6017
6051
6018
6052
6019
6053
6020
6054
6021
6055
6022
6056
6023
6057
6024
6058
6025
6059
6026
6060
6027
6061
6028
6062
6029
6063
6030
6064
6031
6065
6032
6066
6033
6067
6034
6068
6069
8200
6036
6070
6037
6071
6038
6072
6039
6073
6040
6074
6041
6075
6042
6076
6043
6077
6044
6078
6045
6079
6046
6080
6047
6081
6048
6082
6049
6083
6050
6084
6051
6085
6052
6086
6053
6087
6054
6088
6055
6089
6056
6090
6057
6091
6058
6092
6059
6093
6060
6094
6061
6095
6062
6096
6063
6097
6064
6098
6065
6099
6066
6100
6067
6101
6068
6102
6069
6103
6104
8250
6071
6105
6072
6106
6073
6107
6074
6108
6075
6109
6076
6110
6077
6111
6078
6112
6079
6113
6080
6114
6081
6115
6082
6116
6083
6117
6084
6118
6085
6119
6086
6120
6087
6121
6088
6122
6089
6123
6090
6124
6091
6125
6092
6126
6093
6127
6094
6128
6095
6129
6096
6130
6097
6131
6098
6132
6099
6133
6100
6134
6101
6135
6102
6136
6103
6137
6104
6138
6139
8300
6106
6140
6107
6141
6108
6142
6109
6143
6110
6144
6111
6145
6112
6146
6113
6147
6114
6148
6115
6149
6116
6150
6117
6151
6118
6152
6119
6153
6120
6154
6121
6155
6122
6156
6123
6157
6124
6158
6125
6159
6126
6160
6127
6161
6128
6162
6129
6163
6130
6164
6131
6165
6132
6166
6133
6167
6134
6168
6135
6169
6136
6170
6137
6171
6138
6172
6139
6173
6174
8350
6141
6175
6142
6176
6143
6177
6144
6178
6145
6179
6146
6180
6147
6181
6148
6182
6149
6183
6150
6184
6151
6185
6152
6186
6153
6187
6154
6188
6155
6189
6156
6190
6157
6191
6158
6192
6159
6193
6160
6194
6161
6195
6162
6196
6163
6197
6164
6198
6165
6199
6166
6200
6167
6201
6168
6202
6169
6203
6170
6204
6171
6205
6172
6206
6173
6207
6174
6208
6209
8400
6176
6210
6177
6211
6178
6212
6179
6213
6180
6214
6181
6215
6182
6216
6183
6217
6184
6218
6185
6219
6186
6220
6187
6221
6188
6222
6189
6223
6190
6224
6191
6225
6192
6226
6193
6227
6194
6228
6195
6229
6196
6230
6197
6231
6198
6232
6199
6233
6200
6234
6201
6235
6202
6236
6203
6237
6204
6238
6205
6239
6206
6240
6207
6241
6208
6242
6209
6243
6244
8450
6211
6245
6212
6246
6213
6247
6214
6248
6215
6249
6216
6250
6217
6251
6218
6252
6219
6253
6220
6254
6221
6255
6222
6256
6223
6257
6224
6258
6225
6259
6226
6260
6227
6261
6228
6262
6229
6263
6230
6264
6231
6265
6232
6266
6233
6267
6234
6268
6235
6269
6236
6270
6237
6271
6238
6272
6239
6273
6240
6274
6241
6275
6242
6276
6243
6277
6244
6278
6279
8500
6246
6280
6247
6281
6248
6282
6249
6283
6250
6284
6251
6285
6252
6286
6253
6287
6254
6288
6255
6289
6256
6290
6257
6291
6258
6292
6259
6293
6260
6294
6261
6295
6262
6296
6263
6297
6264
6298
6265
6299
6266
6300
6267
6301
6268
6302
6269
6303
6270
6304
6271
6305
6272
6306
6273
6307
6274
6308
6275
6309
6276
6310
6277
6311
6278
6312
6279
6313
6314
8550
6281
6315
6282
6316
6283
6317
6284
6318
6285
6319
6286
6320
6287
6321
6288
6322
6289
6323
6290
6324
6291
6325
6292
6326
6293
6327
6294
6328
6295
6329
6296
6330
6297
6331
6298
6332
6299
6333
6300
6334
6301
6335
6302
6336
6303
6337
6304
6338
6305
6339
6306
6340
6307
6341
6308
6342
6309
6343
6310
6344
6311
6345
6312
6346
6313
6347
6314
6348
6349
8600
6316
6350
6317
6351
6318
6352
6319
6353
6320
6354
6321
6355
6322
6356
6323
6357
6324
6358
6325
6359
6326
6360
6327
6361
6328
6362
6329
6363
6330
6364
6331
6365
6332
6366
6333
6367
6334
6368
6335
6369
6336
6370
6337
6371
6338
6372
6339
6373
6340
6374
6341
6375
6342
6376
6343
6377
6344
6378
6345
6379
6346
6380
6347
6381
6348
6382
6349
6383
6384
8650
6351
6385
6352
6386
6353
6387
6354
6388
6355
6389
6356
6390
6357
6391
6358
6392
6359
6393
6360
6394
6361
6395
6362
6396
6363
6397
6364
6398
6365
6399
6366
6400
6367
6401
6368
6402
6369
6403
6370
6404
6371
6405
6372
6406
6373
6407
6374
6408
6375
6409
6376
6410
6377
6411
6378
6412
6379
6413
6380
6414
6381
6415
6382
6416
6383
6417
6384
6418
6419
8700
6386
6420
6387
6421
6388
6422
6389
6423
6390
6424
6391
6425
6392
6426
6393
6427
6394
6428
6395
6429
6396
6430
6397
6431
6398
6432
6399
6433
6400
6434
6401
6435
6402
6436
6403
6437
6404
6438
6405
6439
6406
6440
6407
6441
6408
6442
6409
6443
6410
6444
6411
6445
6412
6446
6413
6447
6414
6448
6415
6449
6416
6450
6417
6451
6418
6452
6419
6453
6454
8750
6421
6455
6422
6456
6423
6457
6424
6458
6425
6459
6426
6460
6427
6461
6428
6462
6429
6463
6430
6464
6431
6465
6432
6466
6433
6467
6434
6468
6435
6469
6436
6470
6437
6471
6438
6472
6439
6473
6440
6474
6441
6475
6442
6476
6443
6477
6444
6478
6445
6479
6446
6480
6447
6481
6448
6482
6449
6483
6450
6484
6451
6485
6452
6486
6453
6487
6454
6488
6489
8800
6456
6490
6457
6491
6458
6492
6459
6493
6460
6494
6461
6495
6462
6496
6463
6497
6464
6498
6465
6499
6466
6500
6467
6501
6468
6502
6469
6503
6470
6504
6471
6505
6472
6506
6473
6507
6474
6508
6475
6509
6476
6510
6477
6511
6478
6512
6479
6513
6480
6514
6481
6515
6482
6516
6483
6517
6484
6518
6485
6519
6486
6520
6487
6521
6488
6522
6489
6523
6524
8850
6491
6525
6492
6526
6493
6527
6494
6528
6495
6529
6496
6530
6497
6531
6498
6532
6499
6533
6500
6534
6501
6535
6502
6536
6503
6537
6504
6538
6505
6539
6506
6540
6507
6541
6508
6542
6509
6543
6510
6544
6511
6545
6512
6546
6513
6547
6514
6548
6515
6549
6516
6550
6517
6551
6518
6552
6519
6553
6520
6554
6521
6555
6522
6556
6523
6557
6524
6558
6559
8900
6526
6560
6527
6561
6528
6562
6529
6563
6530
6564
6531
6565
6532
6566
6533
6567
6534
6568
6535
6569
6536
6570
6537
6571
6538
6572
6539
6573
6540
6574
6541
6575
6542
6576
6543
6577
6544
6578
6545
6579
6546
6580
6547
6581
6548
6582
6549
6583
6550
6584
6551
6585
6552
6586
6553
6587
6554
6588
6555
6589
6556
6590
6557
6591
6558
6592
6559
6593
6594
8950
6561
6595
6562
6596
6563
6597
6564
6598
6565
6599
6566
6600
6567
6601
6568
6602
6569
6603
6570
6604
6571
6605
6572
6606
6573
6607
6574
6608
6575
6609
6576
6610
6577
6611
6578
6612
6579
6613
6580
6614
6581
6615
6582
6616
6583
6617
6584
6618
6585
6619
6586
6620
6587
6621
6588
6622
6589
6623
6590
6624
6591
6625
6592
6626
6593
6627
6594
6628
6629
9000
6596
6630
6597
6631
6598
6632
6599
6633
6600
6634
6601
6635
6602
6636
6603
6637
6604
6638
6605
6639
6606
6640
6607
6641
6608
6642
6609
6643
6610
6644
6611
6645
6612
6646
6613
6647
6614
6648
6615
6649
6616
6650
6617
6651
6618
6652
6619
6653
6620
6654
6621
6655
6622
6656
6623
6657
6624
6658
6625
6659
6626
6660
6627
6661
6628
6662
6629
6663
6664
9050
6631
6665
6632
6666
6633
6667
6634
6668
6635
6669
6636
6670
6637
6671
6638
6672
6639
6673
6640
6674
6641
6675
6642
6676
6643
6677
6644
6678
6645
6679
6646
6680
6647
6681
6648
6682
6649
6683
6650
6684
6651
6685
6652
6686
6653
6687
6654
6688
6655
6689
6656
6690
6657
6691
6658
6692
6659
6693
6660
6694
6661
6695
6662
6696
6663
6697
6664
6698
6699
9100
6666
6667
6668
6669
6670
6671
6672
6673
6674
6675
6676
6677
6678
6679
6680
6681
6682
6683
6684
6685
6686
6687
6688
6689
6690
6691
6692
6693
6694
6695
6696
6697
6698
6699
9150
6701
6750
6702
6751
6703
6752
6704
6753
6705
6754
6706
6755
6707
6756
6708
6757
6709
6758
6710
6759
6711
6760
6712
6761
6713
6762
6714
6763
6715
6764
6716
6765
6717
6766
6718
6767
6719
6768
6720
6769
6721
6770
6722
6771
6723
6772
6724
6773
6725
6774
6726
6775
6727
6776
6728
6777
6729
6778
6730
6779
6731
6780
6732
6781
6733
6782
6734
6783
6735
6784
6736
6785
6737
6786
6738
6787
6739
6788
6740
6789
6741
6790
6742
6791
6743
6792
6744
6793
6745
6794
6746
6795
6747
6796
6748
6797
6749
6798
6799
6751
6800
6752
6801
6753
6802
6754
6803
6755
6804
6756
6805
6757
6806
6758
6807
6759
6808
6760
6809
6761
6810
6762
6811
6763
6812
6764
6813
6765
6814
6766
6815
6767
6816
6768
6817
6769
6818
6770
6819
6771
6820
6772
6821
6773
6822
6774
6823
6775
6824
6776
6825
6777
6826
6778
6827
6779
6828
6780
6829
6781
6830
6782
6831
6783
6832
6784
6833
6785
6834
6786
6835
6787
6836
6788
6837
6789
6838
6790
6839
6791
6840
6792
6841
6793
6842
6794
6843
6795
6844
6796
6845
6797
6846
6798
6847
6799
6848
6849
6801
6850
6802
6851
6803
6852
6804
6853
6805
6854
6806
6855
6807
6856
6808
6857
6809
6858
6810
6859
6811
6860
6812
6861
6813
6862
6814
6863
6815
6864
6816
6865
6817
6866
6818
6867
6819
6868
6820
6869
6821
6870
6822
6871
6823
6872
6824
6873
6825
6874
6826
6875
6827
6876
6828
6877
6829
6878
6830
6879
6831
6880
6832
6881
6833
6882
6834
6883
6835
6884
6836
6885
6837
6886
6838
6887
6839
6888
6840
6889
6841
6890
6842
6891
6843
6892
6844
6893
6845
6894
6846
6895
6847
6896
6848
6897
6849
6898
6899
6851
6900
6852
6901
6853
6902
6854
6903
6855
6904
6856
6905
6857
6906
6858
6907
6859
6908
6860
6909
6861
6910
6862
6911
6863
6912
6864
6913
6865
6914
6866
6915
6867
6916
6868
6917
6869
6918
6870
6919
6871
6920
6872
6921
6873
6922
6874
6923
6875
6924
6876
6925
6877
6926
6878
6927
6879
6928
6880
6929
6881
6930
6882
6931
6883
6932
6884
6933
6885
6934
6886
6935
6887
6936
6888
6937
6889
6938
6890
6939
6891
6940
6892
6941
6893
6942
6894
6943
6895
6944
6896
6945
6897
6946
6898
6947
6899
6948
6949
6901
6950
6902
6951
6903
6952
6904
6953
6905
6954
6906
6955
6907
6956
6908
6957
6909
6958
6910
6959
6911
6960
6912
6961
6913
6962
6914
6963
6915
6964
6916
6965
6917
6966
6918
6967
6919
6968
6920
6969
6921
6970
6922
6971
6923
6972
6924
6973
6925
6974
6926
6975
6927
6976
6928
6977
6929
6978
6930
6979
6931
6980
6932
6981
6933
6982
6934
6983
6935
6984
6936
6985
6937
6986
6938
6987
6939
6988
6940
6989
6941
6990
6942
6991
6943
6992
6944
6993
6945
6994
6946
6995
6947
6996
6948
6997
6949
6998
6999
6951
7000
6952
7001
6953
7002
6954
7003
6955
7004
6956
7005
6957
7006
6958
7007
6959
7008
6960
7009
6961
7010
6962
7011
6963
7012
6964
7013
6965
7014
6966
7015
6967
7016
6968
7017
6969
7018
6970
7019
6971
7020
6972
7021
6973
7022
6974
7023
6975
7024
6976
7025
6977
7026
6978
7027
6979
7028
6980
7029
6981
7030
6982
7031
6983
7032
6984
7033
6985
7034
6986
7035
6987
7036
6988
7037
6989
7038
6990
7039
6991
7040
6992
7041
6993
7042
6994
7043
6995
7044
6996
7045
6997
7046
6998
7047
6999
7048
7049
7001
7050
7002
7051
7003
7052
7004
7053
7005
7054
7006
7055
7007
7056
7008
7057
7009
7058
7010
7059
7011
7060
7012
7061
7013
7062
7014
7063
7015
7064
7016
7065
7017
7066
7018
7067
7019
7068
7020
7069
7021
7070
7022
7071
7023
7072
7024
7073
7025
7074
7026
7075
7027
7076
7028
7077
7029
7078
7030
7079
7031
7080
7032
7081
7033
7082
7034
7083
7035
7084
7036
7085
7037
7086
7038
7087
7039
7088
7040
7089
7041
7090
7042
7091
7043
7092
7044
7093
7045
7094
7046
7095
7047
7096
7048
7097
7049
7098
7099
7051
7100
7052
7101
7053
7102
7054
7103
7055
7104
7056
7105
7057
7106
7058
7107
7059
7108
7060
7109
7061
7110
7062
7111
7063
7112
7064
7113
7065
7114
7066
7115
7067
7116
7068
7117
7069
7118
7070
7119
7071
7120
7072
7121
7073
7122
7074
7123
7075
7124
7076
7125
7077
7126
7078
7127
7079
7128
7080
7129
7081
7130
7082
7131
7083
7132
7084
7133
7085
7134
7086
7135
7087
7136
7088
7137
7089
7138
7090
7139
7091
7140
7092
7141
7093
7142
7094
7143
7095
7144
7096
7145
7097
7146
7098
7147
7099
7148
7149
7101
7150
7102
7151
7103
7152
7104
7153
7105
7154
7106
7155
7107
7156
7108
7157
7109
7158
7110
7159
7111
7160
7112
7161
7113
7162
7114
7163
7115
7164
7116
7165
7117
7166
7118
7167
7119
7168
7120
7169
7121
7170
7122
7171
7123
7172
7124
7173
7125
7174
7126
7175
7127
7176
7128
7177
7129
7178
7130
7179
7131
7180
7132
7181
7133
7182
7134
7183
7135
7184
7136
7185
7137
7186
7138
7187
7139
7188
7140
7189
7141
7190
7142
7191
7143
7192
7144
7193
7145
7194
7146
7195
7147
7196
7148
7197
7149
7198
7199
7151
7200
7152
7201
7153
7202
7154
7203
7155
7204
7156
7205
7157
7206
7158
7207
7159
7208
7160
7209
7161
7210
7162
7211
7163
7212
7164
7213
7165
7214
7166
7215
7167
7216
7168
7217
7169
7218
7170
7219
7171
7220
7172
7221
7173
7222
7174
7223
7175
7224
7176
7225
7177
7226
7178
7227
7179
7228
7180
7229
7181
7230
7182
7231
7183
7232
7184
7233
7185
7234
7186
7235
7187
7236
7188
7237
7189
7238
7190
7239
7191
7240
7192
7241
7193
7242
7194
7243
7195
7244
7196
7245
7197
7246
7198
7247
7199
7248
7249
7201
7250
7202
7251
7203
7252
7204
7253
7205
7254
7206
7255
7207
7256
7208
7257
7209
7258
7210
7259
7211
7260
7212
7261
7213
7262
7214
7263
7215
7264
7216
7265
7217
7266
7218
7267
7219
7268
7220
7269
7221
7270
7222
7271
7223
7272
7224
7273
7225
7274
7226
7275
7227
7276
7228
7277
7229
7278
7230
7279
7231
7280
7232
7281
7233
7282
7234
7283
7235
7284
7236
7285
7237
7286
7238
7287
7239
7288
7240
7289
7241
7290
7242
7291
7243
7292
7244
7293
7245
7294
7246
7295
7247
7296
7248
7297
7249
7298
7299
7251
7300
7252
7301
7253
7302
7254
7303
7255
7304
7256
7305
7257
7306
7258
7307
7259
7308
7260
7309
7261
7310
7262
7311
7263
7312
7264
7313
7265
7314
7266
7315
7267
7316
7268
7317
7269
7318
7270
7319
7271
7320
7272
7321
7273
7322
7274
7323
7275
7324
7276
7325
7277
7326
7278
7327
7279
7328
7280
7329
7281
7330
7282
7331
7283
7332
7284
7333
7285
7334
7286
7335
7287
7336
7288
7337
7289
7338
7290
7339
7291
7340
7292
7341
7293
7342
7294
7343
7295
7344
7296
7345
7297
7346
7298
7347
7299
7348
7349
7301
7350
7302
7351
7303
7352
7304
7353
7305
7354
7306
7355
7307
7356
7308
7357
7309
7358
7310
7359
7311
7360
7312
7361
7313
7362
7314
7363
7315
7364
7316
7365
7317
7366
7318
7367
7319
7368
7320
7369
7321
7370
7322
7371
7323
7372
7324
7373
7325
7374
7326
7375
7327
7376
7328
7377
7329
7378
7330
7379
7331
7380
7332
7381
7333
7382
7334
7383
7335
7384
7336
7385
7337
7386
7338
7387
7339
7388
7340
7389
7341
7390
7342
7391
7343
7392
7344
7393
7345
7394
7346
7395
7347
7396
7348
7397
7349
7398
7399
7351
7400
7352
7401
7353
7402
7354
7403
7355
7404
7356
7405
7357
7406
7358
7407
7359
7408
7360
7409
7361
7410
7362
7411
7363
7412
7364
7413
7365
7414
7366
7415
7367
7416
7368
7417
7369
7418
7370
7419
7371
7420
7372
7421
7373
7422
7374
7423
7375
7424
7376
7425
7377
7426
7378
7427
7379
7428
7380
7429
7381
7430
7382
7431
7383
7432
7384
7433
7385
7434
7386
7435
7387
7436
7388
7437
7389
7438
7390
7439
7391
7440
7392
7441
7393
7442
7394
7443
7395
7444
7396
7445
7397
7446
7398
7447
7399
7448
7449
7401
7450
7402
7451
7403
7452
7404
7453
7405
7454
7406
7455
7407
7456
7408
7457
7409
7458
7410
7459
7411
7460
7412
7461
7413
7462
7414
7463
7415
7464
7416
7465
7417
7466
7418
7467
7419
7468
7420
7469
7421
7470
7422
7471
7423
7472
7424
7473
7425
7474
7426
7475
7427
7476
7428
7477
7429
7478
7430
7479
7431
7480
7432
7481
7433
7482
7434
7483
7435
7484
7436
7485
7437
7486
7438
7487
7439
7488
7440
7489
7441
7490
7442
7491
7443
7492
7444
7493
7445
7494
7446
7495
7447
7496
7448
7497
7449
7498
7499
7451
7500
7452
7501
7453
7502
7454
7503
7455
7504
7456
7505
7457
7506
7458
7507
7459
7508
7460
7509
7461
7510
7462
7511
7463
7512
7464
7513
7465
7514
7466
7515
7467
7516
7468
7517
7469
7518
7470
7519
7471
7520
7472
7521
7473
7522
7474
7523
7475
7524
7476
7525
7477
7526
7478
7527
7479
7528
7480
7529
7481
7530
7482
7531
7483
7532
7484
7533
7485
7534
7486
7535
7487
7536
7488
7537
7489
7538
7490
7539
7491
7540
7492
7541
7493
7542
7494
7543
7495
7544
7496
7545
7497
7546
7498
7547
7499
7548
7549
7501
7550
7502
7551
7503
7552
7504
7553
7505
7554
7506
7555
7507
7556
7508
7557
7509
7558
7510
7559
7511
7560
7512
7561
7513
7562
7514
7563
7515
7564
7516
7565
7517
7566
7518
7567
7519
7568
7520
7569
7521
7570
7522
7571
7523
7572
7524
7573
7525
7574
7526
7575
7527
7576
7528
7577
7529
7578
7530
7579
7531
7580
7532
7581
7533
7582
7534
7583
7535
7584
7536
7585
7537
7586
7538
7587
7539
7588
7540
7589
7541
7590
7542
7591
7543
7592
7544
7593
7545
7594
7546
7595
7547
7596
7548
7597
7549
7598
7599
7551
7600
7552
7601
7553
7602
7554
7603
7555
7604
7556
7605
7557
7606
7558
7607
7559
7608
7560
7609
7561
7610
7562
7611
7563
7612
7564
7613
7565
7614
7566
7615
7567
7616
7568
7617
7569
7618
7570
7619
7571
7620
7572
7621
7573
7622
7574
7623
7575
7624
7576
7625
7577
7626
7578
7627
7579
7628
7580
7629
7581
7630
7582
7631
7583
7632
7584
7633
7585
7634
7586
7635
7587
7636
7588
7637
7589
7638
7590
7639
7591
7640
7592
7641
7593
7642
7594
7643
7595
7644
7596
7645
7597
7646
7598
7647
7599
7648
7649
7601
7650
7602
7651
7603
7652
7604
7653
7605
7654
7606
7655
7607
7656
7608
7657
7609
7658
7610
7659
7611
7660
7612
7661
7613
7662
7614
7663
7615
7664
7616
7665
7617
7666
7618
7667
7619
7668
7620
7669
7621
7670
7622
7671
7623
7672
7624
7673
7625
7674
7626
7675
7627
7676
7628
7677
7629
7678
7630
7679
7631
7680
7632
7681
7633
7682
7634
7683
7635
7684
7636
7685
7637
7686
7638
7687
7639
7688
7640
7689
7641
7690
7642
7691
7643
7692
7644
7693
7645
7694
7646
7695
7647
7696
7648
7697
7649
7698
7699
7651
7700
7652
7701
7653
7702
7654
7703
7655
7704
7656
7705
7657
7706
7658
7707
7659
7708
7660
7709
7661
7710
7662
7711
7663
7712
7664
7713
7665
7714
7666
7715
7667
7716
7668
7717
7669
7718
7670
7719
7671
7720
7672
7721
7673
7722
7674
7723
7675
7724
7676
7725
7677
7726
7678
7727
7679
7728
7680
7729
7681
7730
7682
7731
7683
7732
7684
7733
7685
7734
7686
7735
7687
7736
7688
7737
7689
7738
7690
7739
7691
7740
7692
7741
7693
7742
7694
7743
7695
7744
7696
7745
7697
7746
7698
7747
7699
7748
7749
7701
7750
7702
7751
7703
7752
7704
7753
7705
7754
7706
7755
7707
7756
7708
7757
7709
7758
7710
7759
7711
7760
7712
7761
7713
7762
7714
7763
7715
7764
7716
7765
7717
7766
7718
7767
7719
7768
7720
7769
7721
7770
7722
7771
7723
7772
7724
7773
7725
7774
7726
7775
7727
7776
7728
7777
7729
7778
7730
7779
7731
7780
7732
7781
7733
7782
7734
7783
7735
7784
7736
7785
7737
7786
7738
7787
7739
7788
7740
7789
7741
7790
7742
7791
7743
7792
7744
7793
7745
7794
7746
7795
7747
7796
7748
7797
7749
7798
7799
7751
7800
7752
7801
7753
7802
7754
7803
7755
7804
7756
7805
7757
7806
7758
7807
7759
7808
7760
7809
7761
7810
7762
7811
7763
7812
7764
7813
7765
7814
7766
7815
7767
7816
7768
7817
7769
7818
7770
7819
7771
7820
7772
7821
7773
7822
7774
7823
7775
7824
7776
7825
7777
7826
7778
7827
7779
7828
7780
7829
7781
7830
7782
7831
7783
7832
7784
7833
7785
7834
7786
7835
7787
7836
7788
7837
7789
7838
7790
7839
7791
7840
7792
7841
7793
7842
7794
7843
7795
7844
7796
7845
7797
7846
7798
7847
7799
7848
7849
7801
7850
7802
7851
7803
7852
7804
7853
7805
7854
7806
7855
7807
7856
7808
7857
7809
7858
7810
7859
7811
7860
7812
7861
7813
7862
7814
7863
7815
7864
7816
7865
7817
7866
7818
7867
7819
7868
7820
7869
7821
7870
7822
7871
7823
7872
7824
7873
7825
7874
7826
7875
7827
7876
7828
7877
7829
7878
7830
7879
7831
7880
7832
7881
7833
7882
7834
7883
7835
7884
7836
7885
7837
7886
7838
7887
7839
7888
7840
7889
7841
7890
7842
7891
7843
7892
7844
7893
7845
7894
7846
7895
7847
7896
7848
7897
7849
7898
7899
7851
7900
7852
7901
7853
7902
7854
7903
7855
7904
7856
7905
7857
7906
7858
7907
7859
7908
7860
7909
7861
7910
7862
7911
7863
7912
7864
7913
7865
7914
7866
7915
7867
7916
7868
7917
7869
7918
7870
7919
7871
7920
7872
7921
7873
7922
7874
7923
7875
7924
7876
7925
7877
7926
7878
7927
7879
7928
7880
7929
7881
7930
7882
7931
7883
7932
7884
7933
7885
7934
7886
7935
7887
7936
7888
7937
7889
7938
7890
7939
7891
7940
7892
7941
7893
7942
7894
7943
7895
7944
7896
7945
7897
7946
7898
7947
7899
7948
7949
7901
7950
7902
7951
7903
7952
7904
7953
7905
7954
7906
7955
7907
7956
7908
7957
7909
7958
7910
7959
7911
7960
7912
7961
7913
7962
7914
7963
7915
7964
7916
7965
7917
7966
7918
7967
7919
7968
7920
7969
7921
7970
7922
7971
7923
7972
7924
7973
7925
7974
7926
7975
7927
7976
7928
7977
7929
7978
7930
7979
7931
7980
7932
7981
7933
7982
7934
7983
7935
7984
7936
7985
7937
7986
7938
7987
7939
7988
7940
7989
7941
7990
7942
7991
7943
7992
7944
7993
7945
7994
7946
7995
7947
7996
7948
7997
7949
7998
7999
7951
8000
7952
8001
7953
8002
7954
8003
7955
8004
7956
8005
7957
8006
7958
8007
7959
8008
7960
8009
7961
8010
7962
8011
7963
8012
7964
8013
7965
8014
7966
8015
7967
8016
7968
8017
7969
8018
7970
8019
7971
8020
7972
8021
7973
8022
7974
8023
7975
8024
7976
8025
7977
8026
7978
8027
7979
8028
7980
8029
7981
8030
7982
8031
7983
8032
7984
8033
7985
8034
7986
8035
7987
8036
7988
8037
7989
8038
7990
8039
7991
8040
7992
8041
7993
8042
7994
8043
7995
8044
7996
8045
7997
8046
7998
8047
7999
8048
8049
8001
8050
8002
8051
8003
8052
8004
8053
8005
8054
8006
8055
8007
8056
8008
8057
8009
8058
8010
8059
8011
8060
8012
8061
8013
8062
8014
8063
8015
8064
8016
8065
8017
8066
8018
8067
8019
8068
8020
8069
8021
8070
8022
8071
8023
8072
8024
8073
8025
8074
8026
8075
8027
8076
8028
8077
8029
8078
8030
8079
8031
8080
8032
8081
8033
8082
8034
8083
8035
8084
8036
8085
8037
8086
8038
8087
8039
8088
8040
8089
8041
8090
8042
8091
8043
8092
8044
8093
8045
8094
8046
8095
8047
8096
8048
8097
8049
8098
8099
8051
8100
8052
8101
8053
8102
8054
8103
8055
8104
8056
8105
8057
8106
8058
8107
8059
8108
8060
8109
8061
8110
8062
8111
8063
8112
8064
8113
8065
8114
8066
8115
8067
8116
8068
8117
8069
8118
8070
8119
8071
8120
8072
8121
8073
8122
8074
8123
8075
8124
8076
8125
8077
8126
8078
8127
8079
8128
8080
8129
8081
8130
8082
8131
8083
8132
8084
8133
8085
8134
8086
8135
8087
8136
8088
8137
8089
8138
8090
8139
8091
8140
8092
8141
8093
8142
8094
8143
8095
8144
8096
8145
8097
8146
8098
8147
8099
8148
8149
8101
8150
8102
8151
8103
8152
8104
8153
8105
8154
8106
8155
8107
8156
8108
8157
8109
8158
8110
8159
8111
8160
8112
8161
8113
8162
8114
8163
8115
8164
8116
8165
8117
8166
8118
8167
8119
8168
8120
8169
8121
8170
8122
8171
8123
8172
8124
8173
8125
8174
8126
8175
8127
8176
8128
8177
8129
8178
8130
8179
8131
8180
8132
8181
8133
8182
8134
8183
8135
8184
8136
8185
8137
8186
8138
8187
8139
8188
8140
8189
8141
8190
8142
8191
8143
8192
8144
8193
8145
8194
8146
8195
8147
8196
8148
8197
8149
8198
8199
8151
8200
8152
8201
8153
8202
8154
8203
8155
8204
8156
8205
8157
8206
8158
8207
8159
8208
8160
8209
8161
8210
8162
8211
8163
8212
8164
8213
8165
8214
8166
8215
8167
8216
8168
8217
8169
8218
8170
8219
8171
8220
8172
8221
8173
8222
8174
8223
8175
8224
8176
8225
8177
8226
8178
8227
8179
8228
8180
8229
8181
8230
8182
8231
8183
8232
8184
8233
8185
8234
8186
8235
8187
8236
8188
8237
8189
8238
8190
8239
8191
8240
8192
8241
8193
8242
8194
8243
8195
8244
8196
8245
8197
8246
8198
8247
8199
8248
8249
8201
8250
8202
8251
8203
8252
8204
8253
8205
8254
8206
8255
8207
8256
8208
8257
8209
8258
8210
8259
8211
8260
8212
8261
8213
8262
8214
8263
8215
8264
8216
8265
8217
8266
8218
8267
8219
8268
8220
8269
8221
8270
8222
8271
8223
8272
8224
8273
8225
8274
8226
8275
8227
8276
8228
8277
8229
8278
8230
8279
8231
8280
8232
8281
8233
8282
8234
8283
8235
8284
8236
8285
8237
8286
8238
8287
8239
8288
8240
8289
8241
8290
8242
8291
8243
8292
8244
8293
8245
8294
8246
8295
8247
8296
8248
8297
8249
8298
8299
8251
8300
8252
8301
8253
8302
8254
8303
8255
8304
8256
8305
8257
8306
8258
8307
8259
8308
8260
8309
8261
8310
8262
8311
8263
8312
8264
8313
8265
8314
8266
8315
8267
8316
8268
8317
8269
8318
8270
8319
8271
8320
8272
8321
8273
8322
8274
8323
8275
8324
8276
8325
8277
8326
8278
8327
8279
8328
8280
8329
8281
8330
8282
8331
8283
8332
8284
8333
8285
8334
8286
8335
8287
8336
8288
8337
8289
8338
8290
8339
8291
8340
8292
8341
8293
8342
8294
8343
8295
8344
8296
8345
8297
8346
8298
8347
8299
8348
8349
8301
8350
8302
8351
8303
8352
8304
8353
8305
8354
8306
8355
8307
8356
8308
8357
8309
8358
8310
8359
8311
8360
8312
8361
8313
8362
8314
8363
8315
8364
8316
8365
8317
8366
8318
8367
8319
8368
8320
8369
8321
8370
8322
8371
8323
8372
8324
8373
8325
8374
8326
8375
8327
8376
8328
8377
8329
8378
8330
8379
8331
8380
8332
8381
8333
8382
8334
8383
8335
8384
8336
8385
8337
8386
8338
8387
8339
8388
8340
8389
8341
8390
8342
8391
8343
8392
8344
8393
8345
8394
8346
8395
8347
8396
8348
8397
8349
8398
8399
8351
8400
8352
8401
8353
8402
8354
8403
8355
8404
8356
8405
8357
8406
8358
8407
8359
8408
8360
8409
8361
8410
8362
8411
8363
8412
8364
8413
8365
8414
8366
8415
8367
8416
8368
8417
8369
8418
8370
8419
8371
8420
8372
8421
8373
8422
8374
8423
8375
8424
8376
8425
8377
8426
8378
8427
8379
8428
8380
8429
8381
8430
8382
8431
8383
8432
8384
8433
8385
8434
8386
8435
8387
8436
8388
8437
8389
8438
8390
8439
8391
8440
8392
8441
8393
8442
8394
8443
8395
8444
8396
8445
8397
8446
8398
8447
8399
8448
8449
8401
8450
8402
8451
8403
8452
8404
8453
8405
8454
8406
8455
8407
8456
8408
8457
8409
8458
8410
8459
8411
8460
8412
8461
8413
8462
8414
8463
8415
8464
8416
8465
8417
8466
8418
8467
8419
8468
8420
8469
8421
8470
8422
8471
8423
8472
8424
8473
8425
8474
8426
8475
8427
8476
8428
8477
8429
8478
8430
8479
8431
8480
8432
8481
8433
8482
8434
8483
8435
8484
8436
8485
8437
8486
8438
8487
8439
8488
8440
8489
8441
8490
8442
8491
8443
8492
8444
8493
8445
8494
8446
8495
8447
8496
8448
8497
8449
8498
8499
8451
8500
8452
8501
8453
8502
8454
8503
8455
8504
8456
8505
8457
8506
8458
8507
8459
8508
8460
8509
8461
8510
8462
8511
8463
8512
8464
8513
8465
8514
8466
8515
8467
8516
8468
8517
8469
8518
8470
8519
8471
8520
8472
8521
8473
8522
8474
8523
8475
8524
8476
8525
8477
8526
8478
8527
8479
8528
8480
8529
8481
8530
8482
8531
8483
8532
8484
8533
8485
8534
8486
8535
8487
8536
8488
8537
8489
8538
8490
8539
8491
8540
8492
8541
8493
8542
8494
8543
8495
8544
8496
8545
8497
8546
8498
8547
8499
8548
8549
8501
8550
8502
8551
8503
8552
8504
8553
8505
8554
8506
8555
8507
8556
8508
8557
8509
8558
8510
8559
8511
8560
8512
8561
8513
8562
8514
8563
8515
8564
8516
8565
8517
8566
8518
8567
8519
8568
8520
8569
8521
8570
8522
8571
8523
8572
8524
8573
8525
8574
8526
8575
8527
8576
8528
8577
8529
8578
8530
8579
8531
8580
8532
8581
8533
8582
8534
8583
8535
8584
8536
8585
8537
8586
8538
8587
8539
8588
8540
8589
8541
8590
8542
8591
8543
8592
8544
8593
8545
8594
8546
8595
8547
8596
8548
8597
8549
8598
8599
8551
8600
8552
8601
8553
8602
8554
8603
8555
8604
8556
8605
8557
8606
8558
8607
8559
8608
8560
8609
8561
8610
8562
8611
8563
8612
8564
8613
8565
8614
8566
8615
8567
8616
8568
8617
8569
8618
8570
8619
8571
8620
8572
8621
8573
8622
8574
8623
8575
8624
8576
8625
8577
8626
8578
8627
8579
8628
8580
8629
8581
8630
8582
8631
8583
8632
8584
8633
8585
8634
8586
8635
8587
8636
8588
8637
8589
8638
8590
8639
8591
8640
8592
8641
8593
8642
8594
8643
8595
8644
8596
8645
8597
8646
8598
8647
8599
8648
8649
8601
8650
8602
8651
8603
8652
8604
8653
8605
8654
8606
8655
8607
8656
8608
8657
8609
8658
8610
8659
8611
8660
8612
8661
8613
8662
8614
8663
8615
8664
8616
8665
8617
8666
8618
8667
8619
8668
8620
8669
8621
8670
8622
8671
8623
8672
8624
8673
8625
8674
8626
8675
8627
8676
8628
8677
8629
8678
8630
8679
8631
8680
8632
8681
8633
8682
8634
8683
8635
8684
8636
8685
8637
8686
8638
8687
8639
8688
8640
8689
8641
8690
8642
8691
8643
8692
8644
8693
8645
8694
8646
8695
8647
8696
8648
8697
8649
8698
8699
8651
8700
8652
8701
8653
8702
8654
8703
8655
8704
8656
8705
8657
8706
8658
8707
8659
8708
8660
8709
8661
8710
8662
8711
8663
8712
8664
8713
8665
8714
8666
8715
8667
8716
8668
8717
8669
8718
8670
8719
8671
8720
8672
8721
8673
8722
8674
8723
8675
8724
8676
8725
8677
8726
8678
8727
8679
8728
8680
8729
8681
8730
8682
8731
8683
8732
8684
8733
8685
8734
8686
8735
8687
8736
8688
8737
8689
8738
8690
8739
8691
8740
8692
8741
8693
8742
8694
8743
8695
8744
8696
8745
8697
8746
8698
8747
8699
8748
8749
8701
8750
8702
8751
8703
8752
8704
8753
8705
8754
8706
8755
8707
8756
8708
8757
8709
8758
8710
8759
8711
8760
8712
8761
8713
8762
8714
8763
8715
8764
8716
8765
8717
8766
8718
8767
8719
8768
8720
8769
8721
8770
8722
8771
8723
8772
8724
8773
8725
8774
8726
8775
8727
8776
8728
8777
8729
8778
8730
8779
8731
8780
8732
8781
8733
8782
8734
8783
8735
8784
8736
8785
8737
8786
8738
8787
8739
8788
8740
8789
8741
8790
8742
8791
8743
8792
8744
8793
8745
8794
8746
8795
8747
8796
8748
8797
8749
8798
8799
8751
8800
8752
8801
8753
8802
8754
8803
8755
8804
8756
8805
8757
8806
8758
8807
8759
8808
8760
8809
8761
8810
8762
8811
8763
8812
8764
8813
8765
8814
8766
8815
8767
8816
8768
8817
8769
8818
8770
8819
8771
8820
8772
8821
8773
8822
8774
8823
8775
8824
8776
8825
8777
8826
8778
8827
8779
8828
8780
8829
8781
8830
8782
8831
8783
8832
8784
8833
8785
8834
8786
8835
8787
8836
8788
8837
8789
8838
8790
8839
8791
8840
8792
8841
8793
8842
8794
8843
8795
8844
8796
8845
8797
8846
8798
8847
8799
8848
8849
8801
8850
8802
8851
8803
8852
8804
8853
8805
8854
8806
8855
8807
8856
8808
8857
8809
8858
8810
8859
8811
8860
8812
8861
8813
8862
8814
8863
8815
8864
8816
8865
8817
8866
8818
8867
8819
8868
8820
8869
8821
8870
8822
8871
8823
8872
8824
8873
8825
8874
8826
8875
8827
8876
8828
8877
8829
8878
8830
8879
8831
8880
8832
8881
8833
8882
8834
8883
8835
8884
8836
8885
8837
8886
8838
8887
8839
8888
8840
8889
8841
8890
8842
8891
8843
8892
8844
8893
8845
8894
8846
8895
8847
8896
8848
8897
8849
8898
8899
8851
8900
8852
8901
8853
8902
8854
8903
8855
8904
8856
8905
8857
8906
8858
8907
8859
8908
8860
8909
8861
8910
8862
8911
8863
8912
8864
8913
8865
8914
8866
8915
8867
8916
8868
8917
8869
8918
8870
8919
8871
8920
8872
8921
8873
8922
8874
8923
8875
8924
8876
8925
8877
8926
8878
8927
8879
8928
8880
8929
8881
8930
8882
8931
8883
8932
8884
8933
8885
8934
8886
8935
8887
8936
8888
8937
8889
8938
8890
8939
8891
8940
8892
8941
8893
8942
8894
8943
8895
8944
8896
8945
8897
8946
8898
8947
8899
8948
8949
8901
8950
8902
8951
8903
8952
8904
8953
8905
8954
8906
8955
8907
8956
8908
8957
8909
8958
8910
8959
8911
8960
8912
8961
8913
8962
8914
8963
8915
8964
8916
8965
8917
8966
8918
8967
8919
8968
8920
8969
8921
8970
8922
8971
8923
8972
8924
8973
8925
8974
8926
8975
8927
8976
8928
8977
8929
8978
8930
8979
8931
8980
8932
8981
8933
8982
8934
8983
8935
8984
8936
8985
8937
8986
8938
8987
8939
8988
8940
8989
8941
8990
8942
8991
8943
8992
8944
8993
8945
8994
8946
8995
8947
8996
8948
8997
8949
8998
8999
8951
9000
8952
9001
8953
9002
8954
9003
8955
9004
8956
9005
8957
9006
8958
9007
8959
9008
8960
9009
8961
9010
8962
9011
8963
9012
8964
9013
8965
9014
8966
9015
8967
9016
8968
9017
8969
9018
8970
9019
8971
9020
8972
9021
8973
9022
8974
9023
8975
9024
8976
9025
8977
9026
8978
9027
8979
9028
8980
9029
8981
9030
8982
9031
8983
9032
8984
9033
8985
9034
8986
9035
8987
9036
8988
9037
8989
9038
8990
9039
8991
9040
8992
9041
8993
9042
8994
9043
8995
9044
8996
9045
8997
9046
8998
9047
8999
9048
9049
9001
9050
9002
9051
9003
9052
9004
9053
9005
9054
9006
9055
9007
9056
9008
9057
9009
9058
9010
9059
9011
9060
9012
9061
9013
9062
9014
9063
9015
9064
9016
9065
9017
9066
9018
9067
9019
9068
9020
9069
9021
9070
9022
9071
9023
9072
9024
9073
9025
9074
9026
9075
9027
9076
9028
9077
9029
9078
9030
9079
9031
9080
9032
9081
9033
9082
9034
9083
9035
9084
9036
9085
9037
9086
9038
9087
9039
9088
9040
9089
9041
9090
9042
9091
9043
9092
9044
9093
9045
9094
9046
9095
9047
9096
9048
9097
9049
9098
9099
9051
9100
9052
9101
9053
9102
9054
9103
9055
9104
9056
9105
9057
9106
9058
9107
9059
9108
9060
9109
9061
9110
9062
9111
9063
9112
9064
9113
9065
9114
9066
9115
9067
9116
9068
9117
9069
9118
9070
9119
9071
9120
9072
9121
9073
9122
9074
9123
9075
9124
9076
9125
9077
9126
9078
9127
9079
9128
9080
9129
9081
9130
9082
9131
9083
9132
9084
9133
9085
9134
9086
9135
9087
9136
9088
9137
9089
9138
9090
9139
9091
9140
9092
9141
9093
9142
9094
9143
9095
9144
9096
9145
9097
9146
9098
9147
9099
9148
9149
9101
9150
9102
9151
9103
9152
9104
9153
9105
9154
9106
9155
9107
9156
9108
9157
9109
9158
9110
9159
9111
9160
9112
9161
9113
9162
9114
9163
9115
9164
9116
9165
9117
9166
9118
9167
9119
9168
9120
9169
9121
9170
9122
9171
9123
9172
9124
9173
9125
9174
9126
9175
9127
9176
9128
9177
9129
9178
9130
9179
9131
9180
9132
9181
9133
9182
9134
9183
9135
9184
9136
9185
9137
9186
9138
9187
9139
9188
9140
9189
9141
9190
9142
9191
9143
9192
9144
9193
9145
9194
9146
9195
9147
9196
9148
9197
9149
9198
9199
9151
9152
9153
9154
9155
9156
9157
9158
9159
9160
9161
9162
9163
9164
9165
9166
9167
9168
9169
9170
9171
9172
9173
9174
9175
9176
9177
9178
9179
9180
9181
9182
9183
9184
9185
9186
9187
9188
9189
9190
9191
9192
9193
9194
9195
9196
9197
9198
9199
)


// ************************************************************************* //
