/*--------------------------------*- C++ -*----------------------------------*\
| =========                 |                                                 |
| \\      /  F ield         | OpenFOAM: The Open Source CFD Toolbox           |
|  \\    /   O peration     | Version:  2412                                  |
|   \\  /    A nd           | Website:  www.openfoam.com                      |
|    \\/     M anipulation  |                                                 |
\*---------------------------------------------------------------------------*/
FoamFile
{
    version     2.0;
    format      ascii;
    arch        "LSB;label=32;scalar=64";
    note        "nPoints:6526  nCells:3130  nFaces:12652  nInternalFaces:5963";
    class       labelList;
    location    "constant/polyMesh";
    object      neighbour;
}
// * * * * * * * * * * * * * * * * * * * * * * * * * * * * * * * * * * * * * //


5963
(
1
1234
1279
2
1200
1278
3
1277
4
1166
1276
5
1132
1275
6
1098
1274
7
1273
8
1064
1272
9
1030
1271
10
996
1270
11
962
1269
12
1268
13
928
1267
14
894
1266
15
860
1265
16
1264
17
826
1263
18
792
1262
19
758
1261
20
724
1260
21
1259
22
690
1258
23
656
1257
24
622
1256
25
1255
26
588
1254
27
554
1253
28
520
1252
29
486
1251
30
1250
31
452
1249
32
418
1248
33
384
1247
34
1246
35
350
1245
36
316
1244
37
282
1243
38
248
1242
39
1241
40
214
1240
41
180
1239
42
146
1238
43
1237
44
112
1236
78
1235
46
79
47
80
48
81
49
82
50
83
51
84
52
85
53
86
54
87
55
88
56
89
57
90
58
91
59
92
60
93
61
94
62
95
63
96
64
97
65
98
66
99
67
100
68
101
69
102
70
103
71
104
72
105
73
106
74
107
75
108
76
109
77
110
78
111
112
80
113
81
114
82
115
83
116
84
117
85
118
86
119
87
120
88
121
89
122
90
123
91
124
92
125
93
126
94
127
95
128
96
129
97
130
98
131
99
132
100
133
101
134
102
135
103
136
104
137
105
138
106
139
107
140
108
141
109
142
110
143
111
144
112
145
146
114
147
115
148
116
149
117
150
118
151
119
152
120
153
121
154
122
155
123
156
124
157
125
158
126
159
127
160
128
161
129
162
130
163
131
164
132
165
133
166
134
167
135
168
136
169
137
170
138
171
139
172
140
173
141
174
142
175
143
176
144
177
145
178
146
179
180
148
181
149
182
150
183
151
184
152
185
153
186
154
187
155
188
156
189
157
190
158
191
159
192
160
193
161
194
162
195
163
196
164
197
165
198
166
199
167
200
168
201
169
202
170
203
171
204
172
205
173
206
174
207
175
208
176
209
177
210
178
211
179
212
180
213
214
182
215
183
216
184
217
185
218
186
219
187
220
188
221
189
222
190
223
191
224
192
225
193
226
194
227
195
228
196
229
197
230
198
231
199
232
200
233
201
234
202
235
203
236
204
237
205
238
206
239
207
240
208
241
209
242
210
243
211
244
212
245
213
246
214
247
248
216
249
217
250
218
251
219
252
220
253
221
254
222
255
223
256
224
257
225
258
226
259
227
260
228
261
229
262
230
263
231
264
232
265
233
266
234
267
235
268
236
269
237
270
238
271
239
272
240
273
241
274
242
275
243
276
244
277
245
278
246
279
247
280
248
281
282
250
283
251
284
252
285
253
286
254
287
255
288
256
289
257
290
258
291
259
292
260
293
261
294
262
295
263
296
264
297
265
298
266
299
267
300
268
301
269
302
270
303
271
304
272
305
273
306
274
307
275
308
276
309
277
310
278
311
279
312
280
313
281
314
282
315
316
284
317
285
318
286
319
287
320
288
321
289
322
290
323
291
324
292
325
293
326
294
327
295
328
296
329
297
330
298
331
299
332
300
333
301
334
302
335
303
336
304
337
305
338
306
339
307
340
308
341
309
342
310
343
311
344
312
345
313
346
314
347
315
348
316
349
350
318
351
319
352
320
353
321
354
322
355
323
356
324
357
325
358
326
359
327
360
328
361
329
362
330
363
331
364
332
365
333
366
334
367
335
368
336
369
337
370
338
371
339
372
340
373
341
374
342
375
343
376
344
377
345
378
346
379
347
380
348
381
349
382
350
383
384
352
385
353
386
354
387
355
388
356
389
357
390
358
391
359
392
360
393
361
394
362
395
363
396
364
397
365
398
366
399
367
400
368
401
369
402
370
403
371
404
372
405
373
406
374
407
375
408
376
409
377
410
378
411
379
412
380
413
381
414
382
415
383
416
384
417
418
386
419
387
420
388
421
389
422
390
423
391
424
392
425
393
426
394
427
395
428
396
429
397
430
398
431
399
432
400
433
401
434
402
435
403
436
404
437
405
438
406
439
407
440
408
441
409
442
410
443
411
444
412
445
413
446
414
447
415
448
416
449
417
450
418
451
452
420
453
421
454
422
455
423
456
424
457
425
458
426
459
427
460
428
461
429
462
430
463
431
464
432
465
433
466
434
467
435
468
436
469
437
470
438
471
439
472
440
473
441
474
442
475
443
476
444
477
445
478
446
479
447
480
448
481
449
482
450
483
451
484
452
485
486
454
487
455
488
456
489
457
490
458
491
459
492
460
493
461
494
462
495
463
496
464
497
465
498
466
499
467
500
468
501
469
502
470
503
471
504
472
505
473
506
474
507
475
508
476
509
477
510
478
511
479
512
480
513
481
514
482
515
483
516
484
517
485
518
486
519
520
488
521
489
522
490
523
491
524
492
525
493
526
494
527
495
528
496
529
497
530
498
531
499
532
500
533
501
534
502
535
503
536
504
537
505
538
506
539
507
540
508
541
509
542
510
543
511
544
512
545
513
546
514
547
515
548
516
549
517
550
518
551
519
552
520
553
554
522
555
523
556
524
557
525
558
526
559
527
560
528
561
529
562
530
563
531
564
532
565
533
566
534
567
535
568
536
569
537
570
538
571
539
572
540
573
541
574
542
575
543
576
544
577
545
578
546
579
547
580
548
581
549
582
550
583
551
584
552
585
553
586
554
587
588
556
589
557
590
558
591
559
592
560
593
561
594
562
595
563
596
564
597
565
598
566
599
567
600
568
601
569
602
570
603
571
604
572
605
573
606
574
607
575
608
576
609
577
610
578
611
579
612
580
613
581
614
582
615
583
616
584
617
585
618
586
619
587
620
588
621
622
590
623
591
624
592
625
593
626
594
627
595
628
596
629
597
630
598
631
599
632
600
633
601
634
602
635
603
636
604
637
605
638
606
639
607
640
608
641
609
642
610
643
611
644
612
645
613
646
614
647
615
648
616
649
617
650
618
651
619
652
620
653
621
654
622
655
656
624
657
625
658
626
659
627
660
628
661
629
662
630
663
631
664
632
665
633
666
634
667
635
668
636
669
637
670
638
671
639
672
640
673
641
674
642
675
643
676
644
677
645
678
646
679
647
680
648
681
649
682
650
683
651
684
652
685
653
686
654
687
655
688
656
689
690
658
691
659
692
660
693
661
694
662
695
663
696
664
697
665
698
666
699
667
700
668
701
669
702
670
703
671
704
672
705
673
706
674
707
675
708
676
709
677
710
678
711
679
712
680
713
681
714
682
715
683
716
684
717
685
718
686
719
687
720
688
721
689
722
690
723
724
692
725
693
726
694
727
695
728
696
729
697
730
698
731
699
732
700
733
701
734
702
735
703
736
704
737
705
738
706
739
707
740
708
741
709
742
710
743
711
744
712
745
713
746
714
747
715
748
716
749
717
750
718
751
719
752
720
753
721
754
722
755
723
756
724
757
758
726
759
727
760
728
761
729
762
730
763
731
764
732
765
733
766
734
767
735
768
736
769
737
770
738
771
739
772
740
773
741
774
742
775
743
776
744
777
745
778
746
779
747
780
748
781
749
782
750
783
751
784
752
785
753
786
754
787
755
788
756
789
757
790
758
791
792
760
793
761
794
762
795
763
796
764
797
765
798
766
799
767
800
768
801
769
802
770
803
771
804
772
805
773
806
774
807
775
808
776
809
777
810
778
811
779
812
780
813
781
814
782
815
783
816
784
817
785
818
786
819
787
820
788
821
789
822
790
823
791
824
792
825
826
794
827
795
828
796
829
797
830
798
831
799
832
800
833
801
834
802
835
803
836
804
837
805
838
806
839
807
840
808
841
809
842
810
843
811
844
812
845
813
846
814
847
815
848
816
849
817
850
818
851
819
852
820
853
821
854
822
855
823
856
824
857
825
858
826
859
860
828
861
829
862
830
863
831
864
832
865
833
866
834
867
835
868
836
869
837
870
838
871
839
872
840
873
841
874
842
875
843
876
844
877
845
878
846
879
847
880
848
881
849
882
850
883
851
884
852
885
853
886
854
887
855
888
856
889
857
890
858
891
859
892
860
893
894
862
895
863
896
864
897
865
898
866
899
867
900
868
901
869
902
870
903
871
904
872
905
873
906
874
907
875
908
876
909
877
910
878
911
879
912
880
913
881
914
882
915
883
916
884
917
885
918
886
919
887
920
888
921
889
922
890
923
891
924
892
925
893
926
894
927
928
896
929
897
930
898
931
899
932
900
933
901
934
902
935
903
936
904
937
905
938
906
939
907
940
908
941
909
942
910
943
911
944
912
945
913
946
914
947
915
948
916
949
917
950
918
951
919
952
920
953
921
954
922
955
923
956
924
957
925
958
926
959
927
960
928
961
962
930
963
931
964
932
965
933
966
934
967
935
968
936
969
937
970
938
971
939
972
940
973
941
974
942
975
943
976
944
977
945
978
946
979
947
980
948
981
949
982
950
983
951
984
952
985
953
986
954
987
955
988
956
989
957
990
958
991
959
992
960
993
961
994
962
995
996
964
997
965
998
966
999
967
1000
968
1001
969
1002
970
1003
971
1004
972
1005
973
1006
974
1007
975
1008
976
1009
977
1010
978
1011
979
1012
980
1013
981
1014
982
1015
983
1016
984
1017
985
1018
986
1019
987
1020
988
1021
989
1022
990
1023
991
1024
992
1025
993
1026
994
1027
995
1028
996
1029
1030
998
1031
999
1032
1000
1033
1001
1034
1002
1035
1003
1036
1004
1037
1005
1038
1006
1039
1007
1040
1008
1041
1009
1042
1010
1043
1011
1044
1012
1045
1013
1046
1014
1047
1015
1048
1016
1049
1017
1050
1018
1051
1019
1052
1020
1053
1021
1054
1022
1055
1023
1056
1024
1057
1025
1058
1026
1059
1027
1060
1028
1061
1029
1062
1030
1063
1064
1032
1065
1033
1066
1034
1067
1035
1068
1036
1069
1037
1070
1038
1071
1039
1072
1040
1073
1041
1074
1042
1075
1043
1076
1044
1077
1045
1078
1046
1079
1047
1080
1048
1081
1049
1082
1050
1083
1051
1084
1052
1085
1053
1086
1054
1087
1055
1088
1056
1089
1057
1090
1058
1091
1059
1092
1060
1093
1061
1094
1062
1095
1063
1096
1064
1097
1098
1066
1099
1067
1100
1068
1101
1069
1102
1070
1103
1071
1104
1072
1105
1073
1106
1074
1107
1075
1108
1076
1109
1077
1110
1078
1111
1079
1112
1080
1113
1081
1114
1082
1115
1083
1116
1084
1117
1085
1118
1086
1119
1087
1120
1088
1121
1089
1122
1090
1123
1091
1124
1092
1125
1093
1126
1094
1127
1095
1128
1096
1129
1097
1130
1098
1131
1132
1100
1133
1101
1134
1102
1135
1103
1136
1104
1137
1105
1138
1106
1139
1107
1140
1108
1141
1109
1142
1110
1143
1111
1144
1112
1145
1113
1146
1114
1147
1115
1148
1116
1149
1117
1150
1118
1151
1119
1152
1120
1153
1121
1154
1122
1155
1123
1156
1124
1157
1125
1158
1126
1159
1127
1160
1128
1161
1129
1162
1130
1163
1131
1164
1132
1165
1166
1134
1167
1135
1168
1136
1169
1137
1170
1138
1171
1139
1172
1140
1173
1141
1174
1142
1175
1143
1176
1144
1177
1145
1178
1146
1179
1147
1180
1148
1181
1149
1182
1150
1183
1151
1184
1152
1185
1153
1186
1154
1187
1155
1188
1156
1189
1157
1190
1158
1191
1159
1192
1160
1193
1161
1194
1162
1195
1163
1196
1164
1197
1165
1198
1166
1199
1200
1168
1201
1169
1202
1170
1203
1171
1204
1172
1205
1173
1206
1174
1207
1175
1208
1176
1209
1177
1210
1178
1211
1179
1212
1180
1213
1181
1214
1182
1215
1183
1216
1184
1217
1185
1218
1186
1219
1187
1220
1188
1221
1189
1222
1190
1223
1191
1224
1192
1225
1193
1226
1194
1227
1195
1228
1196
1229
1197
1230
1198
1231
1199
1232
1200
1233
1234
1202
1203
1204
1205
1206
1207
1208
1209
1210
1211
1212
1213
1214
1215
1216
1217
1218
1219
1220
1221
1222
1223
1224
1225
1226
1227
1228
1229
1230
1231
1232
1233
1234
1236
1237
2249
1238
1239
2205
1240
1241
2161
1242
1243
2117
1244
1245
1246
2073
1247
1248
2029
1249
1250
1985
1251
1252
1941
1253
1254
1255
1897
1256
1257
1853
1258
1259
1809
1260
1261
1765
1262
1263
1264
1721
1265
1266
1677
1267
1268
1633
1269
1270
1589
1271
1272
1273
1545
1274
1275
1501
1276
1277
1457
1278
1280
1279
1281
1282
1283
1284
1457
1285
1286
1287
1288
1456
1289
1290
1291
1455
1292
1293
1294
1454
1295
1296
1297
1298
1453
1299
1300
1301
1452
1302
1303
1304
1451
1305
1306
1307
1308
1450
1309
1310
1311
1449
1312
1313
1314
1448
1315
1316
1317
1318
1447
1319
1320
1321
1446
1322
1323
1324
1445
1325
1326
1327
1444
1328
1329
1443
1330
1331
1332
1442
1333
1334
1441
1335
1336
1337
1440
1338
1339
1439
1340
1341
1342
1438
1343
1344
1437
1345
1346
1347
1436
1348
1349
1350
1435
1351
1352
1434
1353
1354
1355
1433
1356
1357
1432
1358
1359
1360
1431
1361
1362
1430
1363
1364
1365
1429
1366
1367
1428
1368
1369
1370
1427
1371
1372
1373
1426
1374
1375
1376
1425
1377
1378
1379
1380
1424
1381
1382
1383
1423
1384
1385
1386
1422
1387
1388
1389
1390
1421
1391
1392
1393
1420
1394
1395
1396
1419
1397
1398
1399
1400
1418
1401
1402
1403
1417
1404
1405
1406
1416
1407
1408
1409
1410
1415
1411
1412
1413
1414
2651
1415
1458
2632
1416
1459
1417
1460
1418
1461
1419
1462
1420
1463
1421
1464
1422
1465
1423
1466
1424
1467
1425
1468
1426
1469
1427
1470
1428
1471
1429
1472
1430
1473
1431
1474
1432
1475
1433
1476
1434
1477
1435
1478
1436
1479
1437
1480
1438
1481
1439
1482
1440
1483
1441
1484
1442
1485
1443
1486
1444
1487
1445
1488
1446
1489
1447
1490
1448
1491
1449
1492
1450
1493
1451
1494
1452
1495
1453
1496
1454
1497
1455
1498
1456
1499
1457
1500
1501
1459
1502
2613
1460
1503
1461
1504
1462
1505
1463
1506
1464
1507
1465
1508
1466
1509
1467
1510
1468
1511
1469
1512
1470
1513
1471
1514
1472
1515
1473
1516
1474
1517
1475
1518
1476
1519
1477
1520
1478
1521
1479
1522
1480
1523
1481
1524
1482
1525
1483
1526
1484
1527
1485
1528
1486
1529
1487
1530
1488
1531
1489
1532
1490
1533
1491
1534
1492
1535
1493
1536
1494
1537
1495
1538
1496
1539
1497
1540
1498
1541
1499
1542
1500
1543
1501
1544
1545
1503
1546
2594
1504
1547
1505
1548
1506
1549
1507
1550
1508
1551
1509
1552
1510
1553
1511
1554
1512
1555
1513
1556
1514
1557
1515
1558
1516
1559
1517
1560
1518
1561
1519
1562
1520
1563
1521
1564
1522
1565
1523
1566
1524
1567
1525
1568
1526
1569
1527
1570
1528
1571
1529
1572
1530
1573
1531
1574
1532
1575
1533
1576
1534
1577
1535
1578
1536
1579
1537
1580
1538
1581
1539
1582
1540
1583
1541
1584
1542
1585
1543
1586
1544
1587
1545
1588
1589
1547
1590
2575
1548
1591
1549
1592
1550
1593
1551
1594
1552
1595
1553
1596
1554
1597
1555
1598
1556
1599
1557
1600
1558
1601
1559
1602
1560
1603
1561
1604
1562
1605
1563
1606
1564
1607
1565
1608
1566
1609
1567
1610
1568
1611
1569
1612
1570
1613
1571
1614
1572
1615
1573
1616
1574
1617
1575
1618
1576
1619
1577
1620
1578
1621
1579
1622
1580
1623
1581
1624
1582
1625
1583
1626
1584
1627
1585
1628
1586
1629
1587
1630
1588
1631
1589
1632
1633
1591
1634
2556
1592
1635
1593
1636
1594
1637
1595
1638
1596
1639
1597
1640
1598
1641
1599
1642
1600
1643
1601
1644
1602
1645
1603
1646
1604
1647
1605
1648
1606
1649
1607
1650
1608
1651
1609
1652
1610
1653
1611
1654
1612
1655
1613
1656
1614
1657
1615
1658
1616
1659
1617
1660
1618
1661
1619
1662
1620
1663
1621
1664
1622
1665
1623
1666
1624
1667
1625
1668
1626
1669
1627
1670
1628
1671
1629
1672
1630
1673
1631
1674
1632
1675
1633
1676
1677
1635
1678
2537
1636
1679
1637
1680
1638
1681
1639
1682
1640
1683
1641
1684
1642
1685
1643
1686
1644
1687
1645
1688
1646
1689
1647
1690
1648
1691
1649
1692
1650
1693
1651
1694
1652
1695
1653
1696
1654
1697
1655
1698
1656
1699
1657
1700
1658
1701
1659
1702
1660
1703
1661
1704
1662
1705
1663
1706
1664
1707
1665
1708
1666
1709
1667
1710
1668
1711
1669
1712
1670
1713
1671
1714
1672
1715
1673
1716
1674
1717
1675
1718
1676
1719
1677
1720
1721
1679
1722
2518
1680
1723
1681
1724
1682
1725
1683
1726
1684
1727
1685
1728
1686
1729
1687
1730
1688
1731
1689
1732
1690
1733
1691
1734
1692
1735
1693
1736
1694
1737
1695
1738
1696
1739
1697
1740
1698
1741
1699
1742
1700
1743
1701
1744
1702
1745
1703
1746
1704
1747
1705
1748
1706
1749
1707
1750
1708
1751
1709
1752
1710
1753
1711
1754
1712
1755
1713
1756
1714
1757
1715
1758
1716
1759
1717
1760
1718
1761
1719
1762
1720
1763
1721
1764
1765
1723
1766
2499
1724
1767
1725
1768
1726
1769
1727
1770
1728
1771
1729
1772
1730
1773
1731
1774
1732
1775
1733
1776
1734
1777
1735
1778
1736
1779
1737
1780
1738
1781
1739
1782
1740
1783
1741
1784
1742
1785
1743
1786
1744
1787
1745
1788
1746
1789
1747
1790
1748
1791
1749
1792
1750
1793
1751
1794
1752
1795
1753
1796
1754
1797
1755
1798
1756
1799
1757
1800
1758
1801
1759
1802
1760
1803
1761
1804
1762
1805
1763
1806
1764
1807
1765
1808
1809
1767
1810
2480
1768
1811
1769
1812
1770
1813
1771
1814
1772
1815
1773
1816
1774
1817
1775
1818
1776
1819
1777
1820
1778
1821
1779
1822
1780
1823
1781
1824
1782
1825
1783
1826
1784
1827
1785
1828
1786
1829
1787
1830
1788
1831
1789
1832
1790
1833
1791
1834
1792
1835
1793
1836
1794
1837
1795
1838
1796
1839
1797
1840
1798
1841
1799
1842
1800
1843
1801
1844
1802
1845
1803
1846
1804
1847
1805
1848
1806
1849
1807
1850
1808
1851
1809
1852
1853
1811
1854
2461
1812
1855
1813
1856
1814
1857
1815
1858
1816
1859
1817
1860
1818
1861
1819
1862
1820
1863
1821
1864
1822
1865
1823
1866
1824
1867
1825
1868
1826
1869
1827
1870
1828
1871
1829
1872
1830
1873
1831
1874
1832
1875
1833
1876
1834
1877
1835
1878
1836
1879
1837
1880
1838
1881
1839
1882
1840
1883
1841
1884
1842
1885
1843
1886
1844
1887
1845
1888
1846
1889
1847
1890
1848
1891
1849
1892
1850
1893
1851
1894
1852
1895
1853
1896
1897
1855
1898
2442
1856
1899
1857
1900
1858
1901
1859
1902
1860
1903
1861
1904
1862
1905
1863
1906
1864
1907
1865
1908
1866
1909
1867
1910
1868
1911
1869
1912
1870
1913
1871
1914
1872
1915
1873
1916
1874
1917
1875
1918
1876
1919
1877
1920
1878
1921
1879
1922
1880
1923
1881
1924
1882
1925
1883
1926
1884
1927
1885
1928
1886
1929
1887
1930
1888
1931
1889
1932
1890
1933
1891
1934
1892
1935
1893
1936
1894
1937
1895
1938
1896
1939
1897
1940
1941
1899
1942
2423
1900
1943
1901
1944
1902
1945
1903
1946
1904
1947
1905
1948
1906
1949
1907
1950
1908
1951
1909
1952
1910
1953
1911
1954
1912
1955
1913
1956
1914
1957
1915
1958
1916
1959
1917
1960
1918
1961
1919
1962
1920
1963
1921
1964
1922
1965
1923
1966
1924
1967
1925
1968
1926
1969
1927
1970
1928
1971
1929
1972
1930
1973
1931
1974
1932
1975
1933
1976
1934
1977
1935
1978
1936
1979
1937
1980
1938
1981
1939
1982
1940
1983
1941
1984
1985
1943
1986
2404
1944
1987
1945
1988
1946
1989
1947
1990
1948
1991
1949
1992
1950
1993
1951
1994
1952
1995
1953
1996
1954
1997
1955
1998
1956
1999
1957
2000
1958
2001
1959
2002
1960
2003
1961
2004
1962
2005
1963
2006
1964
2007
1965
2008
1966
2009
1967
2010
1968
2011
1969
2012
1970
2013
1971
2014
1972
2015
1973
2016
1974
2017
1975
2018
1976
2019
1977
2020
1978
2021
1979
2022
1980
2023
1981
2024
1982
2025
1983
2026
1984
2027
1985
2028
2029
1987
2030
2385
1988
2031
1989
2032
1990
2033
1991
2034
1992
2035
1993
2036
1994
2037
1995
2038
1996
2039
1997
2040
1998
2041
1999
2042
2000
2043
2001
2044
2002
2045
2003
2046
2004
2047
2005
2048
2006
2049
2007
2050
2008
2051
2009
2052
2010
2053
2011
2054
2012
2055
2013
2056
2014
2057
2015
2058
2016
2059
2017
2060
2018
2061
2019
2062
2020
2063
2021
2064
2022
2065
2023
2066
2024
2067
2025
2068
2026
2069
2027
2070
2028
2071
2029
2072
2073
2031
2074
2366
2032
2075
2033
2076
2034
2077
2035
2078
2036
2079
2037
2080
2038
2081
2039
2082
2040
2083
2041
2084
2042
2085
2043
2086
2044
2087
2045
2088
2046
2089
2047
2090
2048
2091
2049
2092
2050
2093
2051
2094
2052
2095
2053
2096
2054
2097
2055
2098
2056
2099
2057
2100
2058
2101
2059
2102
2060
2103
2061
2104
2062
2105
2063
2106
2064
2107
2065
2108
2066
2109
2067
2110
2068
2111
2069
2112
2070
2113
2071
2114
2072
2115
2073
2116
2117
2075
2118
2347
2076
2119
2077
2120
2078
2121
2079
2122
2080
2123
2081
2124
2082
2125
2083
2126
2084
2127
2085
2128
2086
2129
2087
2130
2088
2131
2089
2132
2090
2133
2091
2134
2092
2135
2093
2136
2094
2137
2095
2138
2096
2139
2097
2140
2098
2141
2099
2142
2100
2143
2101
2144
2102
2145
2103
2146
2104
2147
2105
2148
2106
2149
2107
2150
2108
2151
2109
2152
2110
2153
2111
2154
2112
2155
2113
2156
2114
2157
2115
2158
2116
2159
2117
2160
2161
2119
2162
2328
2120
2163
2121
2164
2122
2165
2123
2166
2124
2167
2125
2168
2126
2169
2127
2170
2128
2171
2129
2172
2130
2173
2131
2174
2132
2175
2133
2176
2134
2177
2135
2178
2136
2179
2137
2180
2138
2181
2139
2182
2140
2183
2141
2184
2142
2185
2143
2186
2144
2187
2145
2188
2146
2189
2147
2190
2148
2191
2149
2192
2150
2193
2151
2194
2152
2195
2153
2196
2154
2197
2155
2198
2156
2199
2157
2200
2158
2201
2159
2202
2160
2203
2161
2204
2205
2163
2206
2309
2164
2207
2165
2208
2166
2209
2167
2210
2168
2211
2169
2212
2170
2213
2171
2214
2172
2215
2173
2216
2174
2217
2175
2218
2176
2219
2177
2220
2178
2221
2179
2222
2180
2223
2181
2224
2182
2225
2183
2226
2184
2227
2185
2228
2186
2229
2187
2230
2188
2231
2189
2232
2190
2233
2191
2234
2192
2235
2193
2236
2194
2237
2195
2238
2196
2239
2197
2240
2198
2241
2199
2242
2200
2243
2201
2244
2202
2245
2203
2246
2204
2247
2205
2248
2249
2207
2290
2208
2209
2210
2211
2212
2213
2214
2215
2216
2217
2218
2219
2220
2221
2222
2223
2224
2225
2226
2227
2228
2229
2230
2231
2232
2233
2234
2235
2236
2237
2238
2239
2240
2241
2242
2243
2244
2245
2246
2247
2248
2249
2251
3128
2252
2669
3126
2253
3124
2254
2650
3122
2255
3120
2256
3118
2257
2631
3116
2258
3114
2259
2612
3112
2260
3110
2261
3108
2262
2593
3106
2263
3104
2264
2574
3102
2265
3100
2266
3098
2267
2555
3096
2268
3094
2269
2536
3092
2270
3090
2271
2517
2272
2273
2498
2274
2275
2479
2276
2460
2277
2278
2441
2279
2280
2422
2281
2403
2282
2283
2384
2284
2285
2365
2286
2346
2287
2288
2327
2289
2308
2291
2309
2292
2310
2293
2311
2294
2312
2295
2313
2296
2314
2297
2315
2298
2316
2299
2317
2300
2318
2301
2319
2302
2320
2303
2321
2304
2322
2305
2323
2306
2324
2307
2325
2308
2326
2327
2310
2328
2311
2329
2312
2330
2313
2331
2314
2332
2315
2333
2316
2334
2317
2335
2318
2336
2319
2337
2320
2338
2321
2339
2322
2340
2323
2341
2324
2342
2325
2343
2326
2344
2327
2345
2346
2329
2347
2330
2348
2331
2349
2332
2350
2333
2351
2334
2352
2335
2353
2336
2354
2337
2355
2338
2356
2339
2357
2340
2358
2341
2359
2342
2360
2343
2361
2344
2362
2345
2363
2346
2364
2365
2348
2366
2349
2367
2350
2368
2351
2369
2352
2370
2353
2371
2354
2372
2355
2373
2356
2374
2357
2375
2358
2376
2359
2377
2360
2378
2361
2379
2362
2380
2363
2381
2364
2382
2365
2383
2384
2367
2385
2368
2386
2369
2387
2370
2388
2371
2389
2372
2390
2373
2391
2374
2392
2375
2393
2376
2394
2377
2395
2378
2396
2379
2397
2380
2398
2381
2399
2382
2400
2383
2401
2384
2402
2403
2386
2404
2387
2405
2388
2406
2389
2407
2390
2408
2391
2409
2392
2410
2393
2411
2394
2412
2395
2413
2396
2414
2397
2415
2398
2416
2399
2417
2400
2418
2401
2419
2402
2420
2403
2421
2422
2405
2423
2406
2424
2407
2425
2408
2426
2409
2427
2410
2428
2411
2429
2412
2430
2413
2431
2414
2432
2415
2433
2416
2434
2417
2435
2418
2436
2419
2437
2420
2438
2421
2439
2422
2440
2441
2424
2442
2425
2443
2426
2444
2427
2445
2428
2446
2429
2447
2430
2448
2431
2449
2432
2450
2433
2451
2434
2452
2435
2453
2436
2454
2437
2455
2438
2456
2439
2457
2440
2458
2441
2459
2460
2443
2461
2444
2462
2445
2463
2446
2464
2447
2465
2448
2466
2449
2467
2450
2468
2451
2469
2452
2470
2453
2471
2454
2472
2455
2473
2456
2474
2457
2475
2458
2476
2459
2477
2460
2478
2479
2462
2480
2463
2481
2464
2482
2465
2483
2466
2484
2467
2485
2468
2486
2469
2487
2470
2488
2471
2489
2472
2490
2473
2491
2474
2492
2475
2493
2476
2494
2477
2495
2478
2496
2479
2497
2498
2481
2499
2482
2500
2483
2501
2484
2502
2485
2503
2486
2504
2487
2505
2488
2506
2489
2507
2490
2508
2491
2509
2492
2510
2493
2511
2494
2512
2495
2513
2496
2514
2497
2515
2498
2516
2517
2500
2518
2501
2519
2502
2520
2503
2521
2504
2522
2505
2523
2506
2524
2507
2525
2508
2526
2509
2527
2510
2528
2511
2529
2512
2530
2513
2531
2514
2532
2515
2533
2516
2534
2517
2535
2536
2519
2537
2520
2538
2521
2539
2522
2540
2523
2541
2524
2542
2525
2543
2526
2544
2527
2545
2528
2546
2529
2547
2530
2548
2531
2549
2532
2550
2533
2551
2534
2552
2535
2553
2536
2554
2555
2538
2556
2539
2557
2540
2558
2541
2559
2542
2560
2543
2561
2544
2562
2545
2563
2546
2564
2547
2565
2548
2566
2549
2567
2550
2568
2551
2569
2552
2570
2553
2571
2554
2572
2555
2573
2574
2557
2575
2558
2576
2559
2577
2560
2578
2561
2579
2562
2580
2563
2581
2564
2582
2565
2583
2566
2584
2567
2585
2568
2586
2569
2587
2570
2588
2571
2589
2572
2590
2573
2591
2574
2592
2593
2576
2594
2577
2595
2578
2596
2579
2597
2580
2598
2581
2599
2582
2600
2583
2601
2584
2602
2585
2603
2586
2604
2587
2605
2588
2606
2589
2607
2590
2608
2591
2609
2592
2610
2593
2611
2612
2595
2613
2596
2614
2597
2615
2598
2616
2599
2617
2600
2618
2601
2619
2602
2620
2603
2621
2604
2622
2605
2623
2606
2624
2607
2625
2608
2626
2609
2627
2610
2628
2611
2629
2612
2630
2631
2614
2632
2615
2633
2616
2634
2617
2635
2618
2636
2619
2637
2620
2638
2621
2639
2622
2640
2623
2641
2624
2642
2625
2643
2626
2644
2627
2645
2628
2646
2629
2647
2630
2648
2631
2649
2650
2633
2651
2634
2652
2635
2653
2636
2654
2637
2655
2638
2656
2639
2657
2640
2658
2641
2659
2642
2660
2643
2661
2644
2662
2645
2663
2646
2664
2647
2665
2648
2666
2649
2667
2650
2668
2669
2652
2653
2654
2655
2656
2657
2658
2659
2660
2661
2662
2663
2664
2665
2666
2667
2668
2669
2671
3089
2672
2673
3070
2674
2675
3051
2676
3032
2677
2678
3013
2679
2680
2994
2681
2975
2682
2683
2956
2684
2685
2937
2686
2918
2687
2688
2899
2689
2690
2880
2691
3091
2692
2861
3093
2693
3095
2694
2842
3097
2695
3099
2696
3101
2697
2823
3103
2698
3105
2699
2804
3107
2700
3109
2701
3111
2702
2785
3113
2703
3115
2704
2766
3117
2705
3119
2706
3121
2707
2747
3123
2708
3125
2709
2728
3127
3129
2711
2729
2712
2730
2713
2731
2714
2732
2715
2733
2716
2734
2717
2735
2718
2736
2719
2737
2720
2738
2721
2739
2722
2740
2723
2741
2724
2742
2725
2743
2726
2744
2727
2745
2728
2746
2747
2730
2748
2731
2749
2732
2750
2733
2751
2734
2752
2735
2753
2736
2754
2737
2755
2738
2756
2739
2757
2740
2758
2741
2759
2742
2760
2743
2761
2744
2762
2745
2763
2746
2764
2747
2765
2766
2749
2767
2750
2768
2751
2769
2752
2770
2753
2771
2754
2772
2755
2773
2756
2774
2757
2775
2758
2776
2759
2777
2760
2778
2761
2779
2762
2780
2763
2781
2764
2782
2765
2783
2766
2784
2785
2768
2786
2769
2787
2770
2788
2771
2789
2772
2790
2773
2791
2774
2792
2775
2793
2776
2794
2777
2795
2778
2796
2779
2797
2780
2798
2781
2799
2782
2800
2783
2801
2784
2802
2785
2803
2804
2787
2805
2788
2806
2789
2807
2790
2808
2791
2809
2792
2810
2793
2811
2794
2812
2795
2813
2796
2814
2797
2815
2798
2816
2799
2817
2800
2818
2801
2819
2802
2820
2803
2821
2804
2822
2823
2806
2824
2807
2825
2808
2826
2809
2827
2810
2828
2811
2829
2812
2830
2813
2831
2814
2832
2815
2833
2816
2834
2817
2835
2818
2836
2819
2837
2820
2838
2821
2839
2822
2840
2823
2841
2842
2825
2843
2826
2844
2827
2845
2828
2846
2829
2847
2830
2848
2831
2849
2832
2850
2833
2851
2834
2852
2835
2853
2836
2854
2837
2855
2838
2856
2839
2857
2840
2858
2841
2859
2842
2860
2861
2844
2862
2845
2863
2846
2864
2847
2865
2848
2866
2849
2867
2850
2868
2851
2869
2852
2870
2853
2871
2854
2872
2855
2873
2856
2874
2857
2875
2858
2876
2859
2877
2860
2878
2861
2879
2880
2863
2881
2864
2882
2865
2883
2866
2884
2867
2885
2868
2886
2869
2887
2870
2888
2871
2889
2872
2890
2873
2891
2874
2892
2875
2893
2876
2894
2877
2895
2878
2896
2879
2897
2880
2898
2899
2882
2900
2883
2901
2884
2902
2885
2903
2886
2904
2887
2905
2888
2906
2889
2907
2890
2908
2891
2909
2892
2910
2893
2911
2894
2912
2895
2913
2896
2914
2897
2915
2898
2916
2899
2917
2918
2901
2919
2902
2920
2903
2921
2904
2922
2905
2923
2906
2924
2907
2925
2908
2926
2909
2927
2910
2928
2911
2929
2912
2930
2913
2931
2914
2932
2915
2933
2916
2934
2917
2935
2918
2936
2937
2920
2938
2921
2939
2922
2940
2923
2941
2924
2942
2925
2943
2926
2944
2927
2945
2928
2946
2929
2947
2930
2948
2931
2949
2932
2950
2933
2951
2934
2952
2935
2953
2936
2954
2937
2955
2956
2939
2957
2940
2958
2941
2959
2942
2960
2943
2961
2944
2962
2945
2963
2946
2964
2947
2965
2948
2966
2949
2967
2950
2968
2951
2969
2952
2970
2953
2971
2954
2972
2955
2973
2956
2974
2975
2958
2976
2959
2977
2960
2978
2961
2979
2962
2980
2963
2981
2964
2982
2965
2983
2966
2984
2967
2985
2968
2986
2969
2987
2970
2988
2971
2989
2972
2990
2973
2991
2974
2992
2975
2993
2994
2977
2995
2978
2996
2979
2997
2980
2998
2981
2999
2982
3000
2983
3001
2984
3002
2985
3003
2986
3004
2987
3005
2988
3006
2989
3007
2990
3008
2991
3009
2992
3010
2993
3011
2994
3012
3013
2996
3014
2997
3015
2998
3016
2999
3017
3000
3018
3001
3019
3002
3020
3003
3021
3004
3022
3005
3023
3006
3024
3007
3025
3008
3026
3009
3027
3010
3028
3011
3029
3012
3030
3013
3031
3032
3015
3033
3016
3034
3017
3035
3018
3036
3019
3037
3020
3038
3021
3039
3022
3040
3023
3041
3024
3042
3025
3043
3026
3044
3027
3045
3028
3046
3029
3047
3030
3048
3031
3049
3032
3050
3051
3034
3052
3035
3053
3036
3054
3037
3055
3038
3056
3039
3057
3040
3058
3041
3059
3042
3060
3043
3061
3044
3062
3045
3063
3046
3064
3047
3065
3048
3066
3049
3067
3050
3068
3051
3069
3070
3053
3071
3054
3072
3055
3073
3056
3074
3057
3075
3058
3076
3059
3077
3060
3078
3061
3079
3062
3080
3063
3081
3064
3082
3065
3083
3066
3084
3067
3085
3068
3086
3069
3087
3070
3088
3089
3072
3073
3074
3075
3076
3077
3078
3079
3080
3081
3082
3083
3084
3085
3086
3087
3088
3089
3091
3092
3093
3093
3094
3095
3095
3096
3097
3097
3098
3099
3099
3100
3101
3101
3102
3103
3103
3104
3105
3105
3106
3107
3107
3108
3109
3109
3110
3111
3111
3112
3113
3113
3114
3115
3115
3116
3117
3117
3118
3119
3119
3120
3121
3121
3122
3123
3123
3124
3125
3125
3126
3127
3127
3128
3129
3129
)


// ************************************************************************* //
