/*--------------------------------*- C++ -*----------------------------------*\
| =========                 |                                                 |
| \\      /  F ield         | OpenFOAM: The Open Source CFD Toolbox           |
|  \\    /   O peration     | Version:  2412                                  |
|   \\  /    A nd           | Website:  www.openfoam.com                      |
|    \\/     M anipulation  |                                                 |
\*---------------------------------------------------------------------------*/
FoamFile
{
    version     2.0;
    format      ascii;
    arch        "LSB;label=32;scalar=64";
    note        "nPoints:8706  nCells:4186  nFaces:16910  nInternalFaces:8109";
    class       labelList;
    location    "constant/polyMesh";
    object      neighbour;
}
// * * * * * * * * * * * * * * * * * * * * * * * * * * * * * * * * * * * * * //


8109
(
1
2921
2
1294
3
4
5
6
1260
7
8
9
1226
10
11
12
1192
13
14
15
16
1158
17
18
19
1124
20
21
22
1090
23
24
25
26
1056
27
28
29
1022
30
31
32
33
988
34
35
36
954
37
38
920
39
40
41
886
42
43
852
44
45
46
818
47
48
784
49
50
51
750
52
53
716
54
55
682
56
57
58
648
59
60
614
61
62
63
580
64
65
546
66
67
68
512
69
70
478
71
72
73
444
74
75
76
77
410
78
79
80
376
81
82
83
84
342
85
86
87
308
88
89
90
274
91
92
93
94
240
95
96
97
206
98
99
100
172
101
102
103
104
138
1982
106
139
1336
107
140
1355
108
141
1374
109
142
1393
110
143
1412
111
144
1431
112
145
1450
113
146
1469
114
147
1488
115
148
1507
116
149
1526
117
150
1545
118
151
1564
119
152
1583
120
153
1602
121
154
1621
122
155
1640
123
156
1659
124
157
1678
125
158
1697
126
159
1716
127
160
1735
128
161
1754
129
162
1773
130
163
1792
131
164
1811
132
165
1830
133
166
1849
134
167
1868
135
168
1887
136
169
1906
137
170
1925
138
171
1944
172
1963
140
173
141
174
142
175
143
176
144
177
145
178
146
179
147
180
148
181
149
182
150
183
151
184
152
185
153
186
154
187
155
188
156
189
157
190
158
191
159
192
160
193
161
194
162
195
163
196
164
197
165
198
166
199
167
200
168
201
169
202
170
203
171
204
172
205
206
174
207
175
208
176
209
177
210
178
211
179
212
180
213
181
214
182
215
183
216
184
217
185
218
186
219
187
220
188
221
189
222
190
223
191
224
192
225
193
226
194
227
195
228
196
229
197
230
198
231
199
232
200
233
201
234
202
235
203
236
204
237
205
238
206
239
240
208
241
209
242
210
243
211
244
212
245
213
246
214
247
215
248
216
249
217
250
218
251
219
252
220
253
221
254
222
255
223
256
224
257
225
258
226
259
227
260
228
261
229
262
230
263
231
264
232
265
233
266
234
267
235
268
236
269
237
270
238
271
239
272
240
273
274
242
275
243
276
244
277
245
278
246
279
247
280
248
281
249
282
250
283
251
284
252
285
253
286
254
287
255
288
256
289
257
290
258
291
259
292
260
293
261
294
262
295
263
296
264
297
265
298
266
299
267
300
268
301
269
302
270
303
271
304
272
305
273
306
274
307
308
276
309
277
310
278
311
279
312
280
313
281
314
282
315
283
316
284
317
285
318
286
319
287
320
288
321
289
322
290
323
291
324
292
325
293
326
294
327
295
328
296
329
297
330
298
331
299
332
300
333
301
334
302
335
303
336
304
337
305
338
306
339
307
340
308
341
342
310
343
311
344
312
345
313
346
314
347
315
348
316
349
317
350
318
351
319
352
320
353
321
354
322
355
323
356
324
357
325
358
326
359
327
360
328
361
329
362
330
363
331
364
332
365
333
366
334
367
335
368
336
369
337
370
338
371
339
372
340
373
341
374
342
375
376
344
377
345
378
346
379
347
380
348
381
349
382
350
383
351
384
352
385
353
386
354
387
355
388
356
389
357
390
358
391
359
392
360
393
361
394
362
395
363
396
364
397
365
398
366
399
367
400
368
401
369
402
370
403
371
404
372
405
373
406
374
407
375
408
376
409
410
378
411
379
412
380
413
381
414
382
415
383
416
384
417
385
418
386
419
387
420
388
421
389
422
390
423
391
424
392
425
393
426
394
427
395
428
396
429
397
430
398
431
399
432
400
433
401
434
402
435
403
436
404
437
405
438
406
439
407
440
408
441
409
442
410
443
444
412
445
413
446
414
447
415
448
416
449
417
450
418
451
419
452
420
453
421
454
422
455
423
456
424
457
425
458
426
459
427
460
428
461
429
462
430
463
431
464
432
465
433
466
434
467
435
468
436
469
437
470
438
471
439
472
440
473
441
474
442
475
443
476
444
477
478
446
479
447
480
448
481
449
482
450
483
451
484
452
485
453
486
454
487
455
488
456
489
457
490
458
491
459
492
460
493
461
494
462
495
463
496
464
497
465
498
466
499
467
500
468
501
469
502
470
503
471
504
472
505
473
506
474
507
475
508
476
509
477
510
478
511
512
480
513
481
514
482
515
483
516
484
517
485
518
486
519
487
520
488
521
489
522
490
523
491
524
492
525
493
526
494
527
495
528
496
529
497
530
498
531
499
532
500
533
501
534
502
535
503
536
504
537
505
538
506
539
507
540
508
541
509
542
510
543
511
544
512
545
546
514
547
515
548
516
549
517
550
518
551
519
552
520
553
521
554
522
555
523
556
524
557
525
558
526
559
527
560
528
561
529
562
530
563
531
564
532
565
533
566
534
567
535
568
536
569
537
570
538
571
539
572
540
573
541
574
542
575
543
576
544
577
545
578
546
579
580
548
581
549
582
550
583
551
584
552
585
553
586
554
587
555
588
556
589
557
590
558
591
559
592
560
593
561
594
562
595
563
596
564
597
565
598
566
599
567
600
568
601
569
602
570
603
571
604
572
605
573
606
574
607
575
608
576
609
577
610
578
611
579
612
580
613
614
582
615
583
616
584
617
585
618
586
619
587
620
588
621
589
622
590
623
591
624
592
625
593
626
594
627
595
628
596
629
597
630
598
631
599
632
600
633
601
634
602
635
603
636
604
637
605
638
606
639
607
640
608
641
609
642
610
643
611
644
612
645
613
646
614
647
648
616
649
617
650
618
651
619
652
620
653
621
654
622
655
623
656
624
657
625
658
626
659
627
660
628
661
629
662
630
663
631
664
632
665
633
666
634
667
635
668
636
669
637
670
638
671
639
672
640
673
641
674
642
675
643
676
644
677
645
678
646
679
647
680
648
681
682
650
683
651
684
652
685
653
686
654
687
655
688
656
689
657
690
658
691
659
692
660
693
661
694
662
695
663
696
664
697
665
698
666
699
667
700
668
701
669
702
670
703
671
704
672
705
673
706
674
707
675
708
676
709
677
710
678
711
679
712
680
713
681
714
682
715
716
684
717
685
718
686
719
687
720
688
721
689
722
690
723
691
724
692
725
693
726
694
727
695
728
696
729
697
730
698
731
699
732
700
733
701
734
702
735
703
736
704
737
705
738
706
739
707
740
708
741
709
742
710
743
711
744
712
745
713
746
714
747
715
748
716
749
750
718
751
719
752
720
753
721
754
722
755
723
756
724
757
725
758
726
759
727
760
728
761
729
762
730
763
731
764
732
765
733
766
734
767
735
768
736
769
737
770
738
771
739
772
740
773
741
774
742
775
743
776
744
777
745
778
746
779
747
780
748
781
749
782
750
783
784
752
785
753
786
754
787
755
788
756
789
757
790
758
791
759
792
760
793
761
794
762
795
763
796
764
797
765
798
766
799
767
800
768
801
769
802
770
803
771
804
772
805
773
806
774
807
775
808
776
809
777
810
778
811
779
812
780
813
781
814
782
815
783
816
784
817
818
786
819
787
820
788
821
789
822
790
823
791
824
792
825
793
826
794
827
795
828
796
829
797
830
798
831
799
832
800
833
801
834
802
835
803
836
804
837
805
838
806
839
807
840
808
841
809
842
810
843
811
844
812
845
813
846
814
847
815
848
816
849
817
850
818
851
852
820
853
821
854
822
855
823
856
824
857
825
858
826
859
827
860
828
861
829
862
830
863
831
864
832
865
833
866
834
867
835
868
836
869
837
870
838
871
839
872
840
873
841
874
842
875
843
876
844
877
845
878
846
879
847
880
848
881
849
882
850
883
851
884
852
885
886
854
887
855
888
856
889
857
890
858
891
859
892
860
893
861
894
862
895
863
896
864
897
865
898
866
899
867
900
868
901
869
902
870
903
871
904
872
905
873
906
874
907
875
908
876
909
877
910
878
911
879
912
880
913
881
914
882
915
883
916
884
917
885
918
886
919
920
888
921
889
922
890
923
891
924
892
925
893
926
894
927
895
928
896
929
897
930
898
931
899
932
900
933
901
934
902
935
903
936
904
937
905
938
906
939
907
940
908
941
909
942
910
943
911
944
912
945
913
946
914
947
915
948
916
949
917
950
918
951
919
952
920
953
954
922
955
923
956
924
957
925
958
926
959
927
960
928
961
929
962
930
963
931
964
932
965
933
966
934
967
935
968
936
969
937
970
938
971
939
972
940
973
941
974
942
975
943
976
944
977
945
978
946
979
947
980
948
981
949
982
950
983
951
984
952
985
953
986
954
987
988
956
989
957
990
958
991
959
992
960
993
961
994
962
995
963
996
964
997
965
998
966
999
967
1000
968
1001
969
1002
970
1003
971
1004
972
1005
973
1006
974
1007
975
1008
976
1009
977
1010
978
1011
979
1012
980
1013
981
1014
982
1015
983
1016
984
1017
985
1018
986
1019
987
1020
988
1021
1022
990
1023
991
1024
992
1025
993
1026
994
1027
995
1028
996
1029
997
1030
998
1031
999
1032
1000
1033
1001
1034
1002
1035
1003
1036
1004
1037
1005
1038
1006
1039
1007
1040
1008
1041
1009
1042
1010
1043
1011
1044
1012
1045
1013
1046
1014
1047
1015
1048
1016
1049
1017
1050
1018
1051
1019
1052
1020
1053
1021
1054
1022
1055
1056
1024
1057
1025
1058
1026
1059
1027
1060
1028
1061
1029
1062
1030
1063
1031
1064
1032
1065
1033
1066
1034
1067
1035
1068
1036
1069
1037
1070
1038
1071
1039
1072
1040
1073
1041
1074
1042
1075
1043
1076
1044
1077
1045
1078
1046
1079
1047
1080
1048
1081
1049
1082
1050
1083
1051
1084
1052
1085
1053
1086
1054
1087
1055
1088
1056
1089
1090
1058
1091
1059
1092
1060
1093
1061
1094
1062
1095
1063
1096
1064
1097
1065
1098
1066
1099
1067
1100
1068
1101
1069
1102
1070
1103
1071
1104
1072
1105
1073
1106
1074
1107
1075
1108
1076
1109
1077
1110
1078
1111
1079
1112
1080
1113
1081
1114
1082
1115
1083
1116
1084
1117
1085
1118
1086
1119
1087
1120
1088
1121
1089
1122
1090
1123
1124
1092
1125
1093
1126
1094
1127
1095
1128
1096
1129
1097
1130
1098
1131
1099
1132
1100
1133
1101
1134
1102
1135
1103
1136
1104
1137
1105
1138
1106
1139
1107
1140
1108
1141
1109
1142
1110
1143
1111
1144
1112
1145
1113
1146
1114
1147
1115
1148
1116
1149
1117
1150
1118
1151
1119
1152
1120
1153
1121
1154
1122
1155
1123
1156
1124
1157
1158
1126
1159
1127
1160
1128
1161
1129
1162
1130
1163
1131
1164
1132
1165
1133
1166
1134
1167
1135
1168
1136
1169
1137
1170
1138
1171
1139
1172
1140
1173
1141
1174
1142
1175
1143
1176
1144
1177
1145
1178
1146
1179
1147
1180
1148
1181
1149
1182
1150
1183
1151
1184
1152
1185
1153
1186
1154
1187
1155
1188
1156
1189
1157
1190
1158
1191
1192
1160
1193
1161
1194
1162
1195
1163
1196
1164
1197
1165
1198
1166
1199
1167
1200
1168
1201
1169
1202
1170
1203
1171
1204
1172
1205
1173
1206
1174
1207
1175
1208
1176
1209
1177
1210
1178
1211
1179
1212
1180
1213
1181
1214
1182
1215
1183
1216
1184
1217
1185
1218
1186
1219
1187
1220
1188
1221
1189
1222
1190
1223
1191
1224
1192
1225
1226
1194
1227
1195
1228
1196
1229
1197
1230
1198
1231
1199
1232
1200
1233
1201
1234
1202
1235
1203
1236
1204
1237
1205
1238
1206
1239
1207
1240
1208
1241
1209
1242
1210
1243
1211
1244
1212
1245
1213
1246
1214
1247
1215
1248
1216
1249
1217
1250
1218
1251
1219
1252
1220
1253
1221
1254
1222
1255
1223
1256
1224
1257
1225
1258
1226
1259
1260
1228
1261
1229
1262
1230
1263
1231
1264
1232
1265
1233
1266
1234
1267
1235
1268
1236
1269
1237
1270
1238
1271
1239
1272
1240
1273
1241
1274
1242
1275
1243
1276
1244
1277
1245
1278
1246
1279
1247
1280
1248
1281
1249
1282
1250
1283
1251
1284
1252
1285
1253
1286
1254
1287
1255
1288
1256
1289
1257
1290
1258
1291
1259
1292
1260
1293
1294
1262
4111
1263
4076
1264
4041
1265
4006
1266
3971
1267
3936
1268
3901
1269
3866
1270
3831
1271
3796
1272
3761
1273
3726
1274
3691
1275
3656
1276
3621
1277
3586
1278
3551
1279
3516
1280
3481
1281
3446
1282
3411
1283
3376
1284
3341
1285
3306
1286
3271
1287
3236
1288
3201
1289
3166
1290
3131
1291
3096
1292
3061
1293
3026
1294
2991
2956
1296
2000
1297
1981
1298
1962
1299
1943
1300
1924
1301
1905
1302
1886
1303
1867
1304
1848
1306
1829
1306
1307
1791
1810
1308
1772
1309
1753
1310
1734
1311
1715
1312
1696
1313
1677
1314
1658
1315
1639
1316
1620
1317
1601
4146
1318
4148
1319
1582
4150
1320
1563
4152
1321
4154
1322
1544
4156
1323
1525
4158
1324
1506
4160
1325
4162
1326
1487
4164
1327
1468
4166
1328
4168
1329
1449
4170
1330
1430
4172
1331
4174
1332
1411
4176
1333
1392
4178
1334
1373
4180
1335
4182
1354
4184
1337
1355
1338
1356
1339
1357
1340
1358
1341
1359
1342
1360
1343
1361
1344
1362
1345
1363
1346
1364
1347
1365
1348
1366
1349
1367
1350
1368
1351
1369
1352
1370
1353
1371
1354
1372
1373
1356
1374
1357
1375
1358
1376
1359
1377
1360
1378
1361
1379
1362
1380
1363
1381
1364
1382
1365
1383
1366
1384
1367
1385
1368
1386
1369
1387
1370
1388
1371
1389
1372
1390
1373
1391
1392
1375
1393
1376
1394
1377
1395
1378
1396
1379
1397
1380
1398
1381
1399
1382
1400
1383
1401
1384
1402
1385
1403
1386
1404
1387
1405
1388
1406
1389
1407
1390
1408
1391
1409
1392
1410
1411
1394
1412
1395
1413
1396
1414
1397
1415
1398
1416
1399
1417
1400
1418
1401
1419
1402
1420
1403
1421
1404
1422
1405
1423
1406
1424
1407
1425
1408
1426
1409
1427
1410
1428
1411
1429
1430
1413
1431
1414
1432
1415
1433
1416
1434
1417
1435
1418
1436
1419
1437
1420
1438
1421
1439
1422
1440
1423
1441
1424
1442
1425
1443
1426
1444
1427
1445
1428
1446
1429
1447
1430
1448
1449
1432
1450
1433
1451
1434
1452
1435
1453
1436
1454
1437
1455
1438
1456
1439
1457
1440
1458
1441
1459
1442
1460
1443
1461
1444
1462
1445
1463
1446
1464
1447
1465
1448
1466
1449
1467
1468
1451
1469
1452
1470
1453
1471
1454
1472
1455
1473
1456
1474
1457
1475
1458
1476
1459
1477
1460
1478
1461
1479
1462
1480
1463
1481
1464
1482
1465
1483
1466
1484
1467
1485
1468
1486
1487
1470
1488
1471
1489
1472
1490
1473
1491
1474
1492
1475
1493
1476
1494
1477
1495
1478
1496
1479
1497
1480
1498
1481
1499
1482
1500
1483
1501
1484
1502
1485
1503
1486
1504
1487
1505
1506
1489
1507
1490
1508
1491
1509
1492
1510
1493
1511
1494
1512
1495
1513
1496
1514
1497
1515
1498
1516
1499
1517
1500
1518
1501
1519
1502
1520
1503
1521
1504
1522
1505
1523
1506
1524
1525
1508
1526
1509
1527
1510
1528
1511
1529
1512
1530
1513
1531
1514
1532
1515
1533
1516
1534
1517
1535
1518
1536
1519
1537
1520
1538
1521
1539
1522
1540
1523
1541
1524
1542
1525
1543
1544
1527
1545
1528
1546
1529
1547
1530
1548
1531
1549
1532
1550
1533
1551
1534
1552
1535
1553
1536
1554
1537
1555
1538
1556
1539
1557
1540
1558
1541
1559
1542
1560
1543
1561
1544
1562
1563
1546
1564
1547
1565
1548
1566
1549
1567
1550
1568
1551
1569
1552
1570
1553
1571
1554
1572
1555
1573
1556
1574
1557
1575
1558
1576
1559
1577
1560
1578
1561
1579
1562
1580
1563
1581
1582
1565
1583
1566
1584
1567
1585
1568
1586
1569
1587
1570
1588
1571
1589
1572
1590
1573
1591
1574
1592
1575
1593
1576
1594
1577
1595
1578
1596
1579
1597
1580
1598
1581
1599
1582
1600
1601
1584
1602
1585
1603
1586
1604
1587
1605
1588
1606
1589
1607
1590
1608
1591
1609
1592
1610
1593
1611
1594
1612
1595
1613
1596
1614
1597
1615
1598
1616
1599
1617
1600
1618
1601
1619
1620
1603
1621
1604
1622
1605
1623
1606
1624
1607
1625
1608
1626
1609
1627
1610
1628
1611
1629
1612
1630
1613
1631
1614
1632
1615
1633
1616
1634
1617
1635
1618
1636
1619
1637
1620
1638
1639
1622
1640
1623
1641
1624
1642
1625
1643
1626
1644
1627
1645
1628
1646
1629
1647
1630
1648
1631
1649
1632
1650
1633
1651
1634
1652
1635
1653
1636
1654
1637
1655
1638
1656
1639
1657
1658
1641
1659
1642
1660
1643
1661
1644
1662
1645
1663
1646
1664
1647
1665
1648
1666
1649
1667
1650
1668
1651
1669
1652
1670
1653
1671
1654
1672
1655
1673
1656
1674
1657
1675
1658
1676
1677
1660
1678
1661
1679
1662
1680
1663
1681
1664
1682
1665
1683
1666
1684
1667
1685
1668
1686
1669
1687
1670
1688
1671
1689
1672
1690
1673
1691
1674
1692
1675
1693
1676
1694
1677
1695
1696
1679
1697
1680
1698
1681
1699
1682
1700
1683
1701
1684
1702
1685
1703
1686
1704
1687
1705
1688
1706
1689
1707
1690
1708
1691
1709
1692
1710
1693
1711
1694
1712
1695
1713
1696
1714
1715
1698
1716
1699
1717
1700
1718
1701
1719
1702
1720
1703
1721
1704
1722
1705
1723
1706
1724
1707
1725
1708
1726
1709
1727
1710
1728
1711
1729
1712
1730
1713
1731
1714
1732
1715
1733
1734
1717
1735
1718
1736
1719
1737
1720
1738
1721
1739
1722
1740
1723
1741
1724
1742
1725
1743
1726
1744
1727
1745
1728
1746
1729
1747
1730
1748
1731
1749
1732
1750
1733
1751
1734
1752
1753
1736
1754
1737
1755
1738
1756
1739
1757
1740
1758
1741
1759
1742
1760
1743
1761
1744
1762
1745
1763
1746
1764
1747
1765
1748
1766
1749
1767
1750
1768
1751
1769
1752
1770
1753
1771
1772
1755
1773
1756
1774
1757
1775
1758
1776
1759
1777
1760
1778
1761
1779
1762
1780
1763
1781
1764
1782
1765
1783
1766
1784
1767
1785
1768
1786
1769
1787
1770
1788
1771
1789
1772
1790
1791
1774
1792
1775
1793
1776
1794
1777
1795
1778
1796
1779
1797
1780
1798
1781
1799
1782
1800
1783
1801
1784
1802
1785
1803
1786
1804
1787
1805
1788
1806
1789
1807
1790
1808
1791
1809
1810
1793
1811
1794
1812
1795
1813
1796
1814
1797
1815
1798
1816
1799
1817
1800
1818
1801
1819
1802
1820
1803
1821
1804
1822
1805
1823
1806
1824
1807
1825
1808
1826
1809
1827
1810
1828
1829
1812
1830
1813
1831
1814
1832
1815
1833
1816
1834
1817
1835
1818
1836
1819
1837
1820
1838
1821
1839
1822
1840
1823
1841
1824
1842
1825
1843
1826
1844
1827
1845
1828
1846
1829
1847
1848
1831
1849
1832
1850
1833
1851
1834
1852
1835
1853
1836
1854
1837
1855
1838
1856
1839
1857
1840
1858
1841
1859
1842
1860
1843
1861
1844
1862
1845
1863
1846
1864
1847
1865
1848
1866
1867
1850
1868
1851
1869
1852
1870
1853
1871
1854
1872
1855
1873
1856
1874
1857
1875
1858
1876
1859
1877
1860
1878
1861
1879
1862
1880
1863
1881
1864
1882
1865
1883
1866
1884
1867
1885
1886
1869
1887
1870
1888
1871
1889
1872
1890
1873
1891
1874
1892
1875
1893
1876
1894
1877
1895
1878
1896
1879
1897
1880
1898
1881
1899
1882
1900
1883
1901
1884
1902
1885
1903
1886
1904
1905
1888
1906
1889
1907
1890
1908
1891
1909
1892
1910
1893
1911
1894
1912
1895
1913
1896
1914
1897
1915
1898
1916
1899
1917
1900
1918
1901
1919
1902
1920
1903
1921
1904
1922
1905
1923
1924
1907
1925
1908
1926
1909
1927
1910
1928
1911
1929
1912
1930
1913
1931
1914
1932
1915
1933
1916
1934
1917
1935
1918
1936
1919
1937
1920
1938
1921
1939
1922
1940
1923
1941
1924
1942
1943
1926
1944
1927
1945
1928
1946
1929
1947
1930
1948
1931
1949
1932
1950
1933
1951
1934
1952
1935
1953
1936
1954
1937
1955
1938
1956
1939
1957
1940
1958
1941
1959
1942
1960
1943
1961
1962
1945
1963
1946
1964
1947
1965
1948
1966
1949
1967
1950
1968
1951
1969
1952
1970
1953
1971
1954
1972
1955
1973
1956
1974
1957
1975
1958
1976
1959
1977
1960
1978
1961
1979
1962
1980
1981
1964
1982
1965
1983
1966
1984
1967
1985
1968
1986
1969
1987
1970
1988
1971
1989
1972
1990
1973
1991
1974
1992
1975
1993
1976
1994
1977
1995
1978
1996
1979
1997
1980
1998
1981
1999
2000
1983
1984
1985
1986
1987
1988
1989
1990
1991
1992
1993
1994
1995
1996
1997
1998
1999
2000
2002
2920
4185
2003
4183
2004
2891
4181
2005
4179
2006
2862
4177
2007
2833
4175
2008
4173
2009
2804
4171
2010
4169
2011
2775
4167
2012
2746
4165
2013
4163
2014
2717
4161
2015
4159
2016
2688
4157
2017
2659
4155
2018
4153
2019
2630
4151
2020
4149
2021
2601
4147
2022
2572
2023
2024
2543
2025
2026
2514
2027
2485
2028
2029
2456
2030
2031
2427
2032
2398
2033
2034
2369
2035
2036
2340
2037
2311
2038
2039
2282
2040
2041
2253
2042
2224
2043
2044
2195
2045
2046
2166
2047
2137
2048
2049
2108
2050
2079
2052
2080
2053
2081
2054
2082
2055
2083
2056
2084
2057
2085
2058
2086
2059
2087
2060
2088
2061
2089
2062
2090
2063
2091
2064
2092
2065
2093
2066
2094
2067
2095
2068
2096
2069
2097
2070
2098
2071
2099
2072
2100
2073
2101
2074
2102
2075
2103
2076
2104
2077
2105
2078
2106
2079
2107
2108
2081
2109
2082
2110
2083
2111
2084
2112
2085
2113
2086
2114
2087
2115
2088
2116
2089
2117
2090
2118
2091
2119
2092
2120
2093
2121
2094
2122
2095
2123
2096
2124
2097
2125
2098
2126
2099
2127
2100
2128
2101
2129
2102
2130
2103
2131
2104
2132
2105
2133
2106
2134
2107
2135
2108
2136
2137
2110
2138
2111
2139
2112
2140
2113
2141
2114
2142
2115
2143
2116
2144
2117
2145
2118
2146
2119
2147
2120
2148
2121
2149
2122
2150
2123
2151
2124
2152
2125
2153
2126
2154
2127
2155
2128
2156
2129
2157
2130
2158
2131
2159
2132
2160
2133
2161
2134
2162
2135
2163
2136
2164
2137
2165
2166
2139
2167
2140
2168
2141
2169
2142
2170
2143
2171
2144
2172
2145
2173
2146
2174
2147
2175
2148
2176
2149
2177
2150
2178
2151
2179
2152
2180
2153
2181
2154
2182
2155
2183
2156
2184
2157
2185
2158
2186
2159
2187
2160
2188
2161
2189
2162
2190
2163
2191
2164
2192
2165
2193
2166
2194
2195
2168
2196
2169
2197
2170
2198
2171
2199
2172
2200
2173
2201
2174
2202
2175
2203
2176
2204
2177
2205
2178
2206
2179
2207
2180
2208
2181
2209
2182
2210
2183
2211
2184
2212
2185
2213
2186
2214
2187
2215
2188
2216
2189
2217
2190
2218
2191
2219
2192
2220
2193
2221
2194
2222
2195
2223
2224
2197
2225
2198
2226
2199
2227
2200
2228
2201
2229
2202
2230
2203
2231
2204
2232
2205
2233
2206
2234
2207
2235
2208
2236
2209
2237
2210
2238
2211
2239
2212
2240
2213
2241
2214
2242
2215
2243
2216
2244
2217
2245
2218
2246
2219
2247
2220
2248
2221
2249
2222
2250
2223
2251
2224
2252
2253
2226
2254
2227
2255
2228
2256
2229
2257
2230
2258
2231
2259
2232
2260
2233
2261
2234
2262
2235
2263
2236
2264
2237
2265
2238
2266
2239
2267
2240
2268
2241
2269
2242
2270
2243
2271
2244
2272
2245
2273
2246
2274
2247
2275
2248
2276
2249
2277
2250
2278
2251
2279
2252
2280
2253
2281
2282
2255
2283
2256
2284
2257
2285
2258
2286
2259
2287
2260
2288
2261
2289
2262
2290
2263
2291
2264
2292
2265
2293
2266
2294
2267
2295
2268
2296
2269
2297
2270
2298
2271
2299
2272
2300
2273
2301
2274
2302
2275
2303
2276
2304
2277
2305
2278
2306
2279
2307
2280
2308
2281
2309
2282
2310
2311
2284
2312
2285
2313
2286
2314
2287
2315
2288
2316
2289
2317
2290
2318
2291
2319
2292
2320
2293
2321
2294
2322
2295
2323
2296
2324
2297
2325
2298
2326
2299
2327
2300
2328
2301
2329
2302
2330
2303
2331
2304
2332
2305
2333
2306
2334
2307
2335
2308
2336
2309
2337
2310
2338
2311
2339
2340
2313
2341
2314
2342
2315
2343
2316
2344
2317
2345
2318
2346
2319
2347
2320
2348
2321
2349
2322
2350
2323
2351
2324
2352
2325
2353
2326
2354
2327
2355
2328
2356
2329
2357
2330
2358
2331
2359
2332
2360
2333
2361
2334
2362
2335
2363
2336
2364
2337
2365
2338
2366
2339
2367
2340
2368
2369
2342
2370
2343
2371
2344
2372
2345
2373
2346
2374
2347
2375
2348
2376
2349
2377
2350
2378
2351
2379
2352
2380
2353
2381
2354
2382
2355
2383
2356
2384
2357
2385
2358
2386
2359
2387
2360
2388
2361
2389
2362
2390
2363
2391
2364
2392
2365
2393
2366
2394
2367
2395
2368
2396
2369
2397
2398
2371
2399
2372
2400
2373
2401
2374
2402
2375
2403
2376
2404
2377
2405
2378
2406
2379
2407
2380
2408
2381
2409
2382
2410
2383
2411
2384
2412
2385
2413
2386
2414
2387
2415
2388
2416
2389
2417
2390
2418
2391
2419
2392
2420
2393
2421
2394
2422
2395
2423
2396
2424
2397
2425
2398
2426
2427
2400
2428
2401
2429
2402
2430
2403
2431
2404
2432
2405
2433
2406
2434
2407
2435
2408
2436
2409
2437
2410
2438
2411
2439
2412
2440
2413
2441
2414
2442
2415
2443
2416
2444
2417
2445
2418
2446
2419
2447
2420
2448
2421
2449
2422
2450
2423
2451
2424
2452
2425
2453
2426
2454
2427
2455
2456
2429
2457
2430
2458
2431
2459
2432
2460
2433
2461
2434
2462
2435
2463
2436
2464
2437
2465
2438
2466
2439
2467
2440
2468
2441
2469
2442
2470
2443
2471
2444
2472
2445
2473
2446
2474
2447
2475
2448
2476
2449
2477
2450
2478
2451
2479
2452
2480
2453
2481
2454
2482
2455
2483
2456
2484
2485
2458
2486
2459
2487
2460
2488
2461
2489
2462
2490
2463
2491
2464
2492
2465
2493
2466
2494
2467
2495
2468
2496
2469
2497
2470
2498
2471
2499
2472
2500
2473
2501
2474
2502
2475
2503
2476
2504
2477
2505
2478
2506
2479
2507
2480
2508
2481
2509
2482
2510
2483
2511
2484
2512
2485
2513
2514
2487
2515
2488
2516
2489
2517
2490
2518
2491
2519
2492
2520
2493
2521
2494
2522
2495
2523
2496
2524
2497
2525
2498
2526
2499
2527
2500
2528
2501
2529
2502
2530
2503
2531
2504
2532
2505
2533
2506
2534
2507
2535
2508
2536
2509
2537
2510
2538
2511
2539
2512
2540
2513
2541
2514
2542
2543
2516
2544
2517
2545
2518
2546
2519
2547
2520
2548
2521
2549
2522
2550
2523
2551
2524
2552
2525
2553
2526
2554
2527
2555
2528
2556
2529
2557
2530
2558
2531
2559
2532
2560
2533
2561
2534
2562
2535
2563
2536
2564
2537
2565
2538
2566
2539
2567
2540
2568
2541
2569
2542
2570
2543
2571
2572
2545
2573
2546
2574
2547
2575
2548
2576
2549
2577
2550
2578
2551
2579
2552
2580
2553
2581
2554
2582
2555
2583
2556
2584
2557
2585
2558
2586
2559
2587
2560
2588
2561
2589
2562
2590
2563
2591
2564
2592
2565
2593
2566
2594
2567
2595
2568
2596
2569
2597
2570
2598
2571
2599
2572
2600
2601
2574
2602
2575
2603
2576
2604
2577
2605
2578
2606
2579
2607
2580
2608
2581
2609
2582
2610
2583
2611
2584
2612
2585
2613
2586
2614
2587
2615
2588
2616
2589
2617
2590
2618
2591
2619
2592
2620
2593
2621
2594
2622
2595
2623
2596
2624
2597
2625
2598
2626
2599
2627
2600
2628
2601
2629
2630
2603
2631
2604
2632
2605
2633
2606
2634
2607
2635
2608
2636
2609
2637
2610
2638
2611
2639
2612
2640
2613
2641
2614
2642
2615
2643
2616
2644
2617
2645
2618
2646
2619
2647
2620
2648
2621
2649
2622
2650
2623
2651
2624
2652
2625
2653
2626
2654
2627
2655
2628
2656
2629
2657
2630
2658
2659
2632
2660
2633
2661
2634
2662
2635
2663
2636
2664
2637
2665
2638
2666
2639
2667
2640
2668
2641
2669
2642
2670
2643
2671
2644
2672
2645
2673
2646
2674
2647
2675
2648
2676
2649
2677
2650
2678
2651
2679
2652
2680
2653
2681
2654
2682
2655
2683
2656
2684
2657
2685
2658
2686
2659
2687
2688
2661
2689
2662
2690
2663
2691
2664
2692
2665
2693
2666
2694
2667
2695
2668
2696
2669
2697
2670
2698
2671
2699
2672
2700
2673
2701
2674
2702
2675
2703
2676
2704
2677
2705
2678
2706
2679
2707
2680
2708
2681
2709
2682
2710
2683
2711
2684
2712
2685
2713
2686
2714
2687
2715
2688
2716
2717
2690
2718
2691
2719
2692
2720
2693
2721
2694
2722
2695
2723
2696
2724
2697
2725
2698
2726
2699
2727
2700
2728
2701
2729
2702
2730
2703
2731
2704
2732
2705
2733
2706
2734
2707
2735
2708
2736
2709
2737
2710
2738
2711
2739
2712
2740
2713
2741
2714
2742
2715
2743
2716
2744
2717
2745
2746
2719
2747
2720
2748
2721
2749
2722
2750
2723
2751
2724
2752
2725
2753
2726
2754
2727
2755
2728
2756
2729
2757
2730
2758
2731
2759
2732
2760
2733
2761
2734
2762
2735
2763
2736
2764
2737
2765
2738
2766
2739
2767
2740
2768
2741
2769
2742
2770
2743
2771
2744
2772
2745
2773
2746
2774
2775
2748
2776
2749
2777
2750
2778
2751
2779
2752
2780
2753
2781
2754
2782
2755
2783
2756
2784
2757
2785
2758
2786
2759
2787
2760
2788
2761
2789
2762
2790
2763
2791
2764
2792
2765
2793
2766
2794
2767
2795
2768
2796
2769
2797
2770
2798
2771
2799
2772
2800
2773
2801
2774
2802
2775
2803
2804
2777
2805
2778
2806
2779
2807
2780
2808
2781
2809
2782
2810
2783
2811
2784
2812
2785
2813
2786
2814
2787
2815
2788
2816
2789
2817
2790
2818
2791
2819
2792
2820
2793
2821
2794
2822
2795
2823
2796
2824
2797
2825
2798
2826
2799
2827
2800
2828
2801
2829
2802
2830
2803
2831
2804
2832
2833
2806
2834
2807
2835
2808
2836
2809
2837
2810
2838
2811
2839
2812
2840
2813
2841
2814
2842
2815
2843
2816
2844
2817
2845
2818
2846
2819
2847
2820
2848
2821
2849
2822
2850
2823
2851
2824
2852
2825
2853
2826
2854
2827
2855
2828
2856
2829
2857
2830
2858
2831
2859
2832
2860
2833
2861
2862
2835
2863
2836
2864
2837
2865
2838
2866
2839
2867
2840
2868
2841
2869
2842
2870
2843
2871
2844
2872
2845
2873
2846
2874
2847
2875
2848
2876
2849
2877
2850
2878
2851
2879
2852
2880
2853
2881
2854
2882
2855
2883
2856
2884
2857
2885
2858
2886
2859
2887
2860
2888
2861
2889
2862
2890
2891
2864
2892
2865
2893
2866
2894
2867
2895
2868
2896
2869
2897
2870
2898
2871
2899
2872
2900
2873
2901
2874
2902
2875
2903
2876
2904
2877
2905
2878
2906
2879
2907
2880
2908
2881
2909
2882
2910
2883
2911
2884
2912
2885
2913
2886
2914
2887
2915
2888
2916
2889
2917
2890
2918
2891
2919
2920
2893
2894
2895
2896
2897
2898
2899
2900
2901
2902
2903
2904
2905
2906
2907
2908
2909
2910
2911
2912
2913
2914
2915
2916
2917
2918
2919
2920
2922
2956
2923
2957
2924
2958
2925
2959
2926
2960
2927
2961
2928
2962
2929
2963
2930
2964
2931
2965
2932
2966
2933
2967
2934
2968
2935
2969
2936
2970
2937
2971
2938
2972
2939
2973
2940
2974
2941
2975
2942
2976
2943
2977
2944
2978
2945
2979
2946
2980
2947
2981
2948
2982
2949
2983
2950
2984
2951
2985
2952
2986
2953
2987
2954
2988
2955
2989
2990
2957
2991
2958
2992
2959
2993
2960
2994
2961
2995
2962
2996
2963
2997
2964
2998
2965
2999
2966
3000
2967
3001
2968
3002
2969
3003
2970
3004
2971
3005
2972
3006
2973
3007
2974
3008
2975
3009
2976
3010
2977
3011
2978
3012
2979
3013
2980
3014
2981
3015
2982
3016
2983
3017
2984
3018
2985
3019
2986
3020
2987
3021
2988
3022
2989
3023
2990
3024
3025
2992
3026
2993
3027
2994
3028
2995
3029
2996
3030
2997
3031
2998
3032
2999
3033
3000
3034
3001
3035
3002
3036
3003
3037
3004
3038
3005
3039
3006
3040
3007
3041
3008
3042
3009
3043
3010
3044
3011
3045
3012
3046
3013
3047
3014
3048
3015
3049
3016
3050
3017
3051
3018
3052
3019
3053
3020
3054
3021
3055
3022
3056
3023
3057
3024
3058
3025
3059
3060
3027
3061
3028
3062
3029
3063
3030
3064
3031
3065
3032
3066
3033
3067
3034
3068
3035
3069
3036
3070
3037
3071
3038
3072
3039
3073
3040
3074
3041
3075
3042
3076
3043
3077
3044
3078
3045
3079
3046
3080
3047
3081
3048
3082
3049
3083
3050
3084
3051
3085
3052
3086
3053
3087
3054
3088
3055
3089
3056
3090
3057
3091
3058
3092
3059
3093
3060
3094
3095
3062
3096
3063
3097
3064
3098
3065
3099
3066
3100
3067
3101
3068
3102
3069
3103
3070
3104
3071
3105
3072
3106
3073
3107
3074
3108
3075
3109
3076
3110
3077
3111
3078
3112
3079
3113
3080
3114
3081
3115
3082
3116
3083
3117
3084
3118
3085
3119
3086
3120
3087
3121
3088
3122
3089
3123
3090
3124
3091
3125
3092
3126
3093
3127
3094
3128
3095
3129
3130
3097
3131
3098
3132
3099
3133
3100
3134
3101
3135
3102
3136
3103
3137
3104
3138
3105
3139
3106
3140
3107
3141
3108
3142
3109
3143
3110
3144
3111
3145
3112
3146
3113
3147
3114
3148
3115
3149
3116
3150
3117
3151
3118
3152
3119
3153
3120
3154
3121
3155
3122
3156
3123
3157
3124
3158
3125
3159
3126
3160
3127
3161
3128
3162
3129
3163
3130
3164
3165
3132
3166
3133
3167
3134
3168
3135
3169
3136
3170
3137
3171
3138
3172
3139
3173
3140
3174
3141
3175
3142
3176
3143
3177
3144
3178
3145
3179
3146
3180
3147
3181
3148
3182
3149
3183
3150
3184
3151
3185
3152
3186
3153
3187
3154
3188
3155
3189
3156
3190
3157
3191
3158
3192
3159
3193
3160
3194
3161
3195
3162
3196
3163
3197
3164
3198
3165
3199
3200
3167
3201
3168
3202
3169
3203
3170
3204
3171
3205
3172
3206
3173
3207
3174
3208
3175
3209
3176
3210
3177
3211
3178
3212
3179
3213
3180
3214
3181
3215
3182
3216
3183
3217
3184
3218
3185
3219
3186
3220
3187
3221
3188
3222
3189
3223
3190
3224
3191
3225
3192
3226
3193
3227
3194
3228
3195
3229
3196
3230
3197
3231
3198
3232
3199
3233
3200
3234
3235
3202
3236
3203
3237
3204
3238
3205
3239
3206
3240
3207
3241
3208
3242
3209
3243
3210
3244
3211
3245
3212
3246
3213
3247
3214
3248
3215
3249
3216
3250
3217
3251
3218
3252
3219
3253
3220
3254
3221
3255
3222
3256
3223
3257
3224
3258
3225
3259
3226
3260
3227
3261
3228
3262
3229
3263
3230
3264
3231
3265
3232
3266
3233
3267
3234
3268
3235
3269
3270
3237
3271
3238
3272
3239
3273
3240
3274
3241
3275
3242
3276
3243
3277
3244
3278
3245
3279
3246
3280
3247
3281
3248
3282
3249
3283
3250
3284
3251
3285
3252
3286
3253
3287
3254
3288
3255
3289
3256
3290
3257
3291
3258
3292
3259
3293
3260
3294
3261
3295
3262
3296
3263
3297
3264
3298
3265
3299
3266
3300
3267
3301
3268
3302
3269
3303
3270
3304
3305
3272
3306
3273
3307
3274
3308
3275
3309
3276
3310
3277
3311
3278
3312
3279
3313
3280
3314
3281
3315
3282
3316
3283
3317
3284
3318
3285
3319
3286
3320
3287
3321
3288
3322
3289
3323
3290
3324
3291
3325
3292
3326
3293
3327
3294
3328
3295
3329
3296
3330
3297
3331
3298
3332
3299
3333
3300
3334
3301
3335
3302
3336
3303
3337
3304
3338
3305
3339
3340
3307
3341
3308
3342
3309
3343
3310
3344
3311
3345
3312
3346
3313
3347
3314
3348
3315
3349
3316
3350
3317
3351
3318
3352
3319
3353
3320
3354
3321
3355
3322
3356
3323
3357
3324
3358
3325
3359
3326
3360
3327
3361
3328
3362
3329
3363
3330
3364
3331
3365
3332
3366
3333
3367
3334
3368
3335
3369
3336
3370
3337
3371
3338
3372
3339
3373
3340
3374
3375
3342
3376
3343
3377
3344
3378
3345
3379
3346
3380
3347
3381
3348
3382
3349
3383
3350
3384
3351
3385
3352
3386
3353
3387
3354
3388
3355
3389
3356
3390
3357
3391
3358
3392
3359
3393
3360
3394
3361
3395
3362
3396
3363
3397
3364
3398
3365
3399
3366
3400
3367
3401
3368
3402
3369
3403
3370
3404
3371
3405
3372
3406
3373
3407
3374
3408
3375
3409
3410
3377
3411
3378
3412
3379
3413
3380
3414
3381
3415
3382
3416
3383
3417
3384
3418
3385
3419
3386
3420
3387
3421
3388
3422
3389
3423
3390
3424
3391
3425
3392
3426
3393
3427
3394
3428
3395
3429
3396
3430
3397
3431
3398
3432
3399
3433
3400
3434
3401
3435
3402
3436
3403
3437
3404
3438
3405
3439
3406
3440
3407
3441
3408
3442
3409
3443
3410
3444
3445
3412
3446
3413
3447
3414
3448
3415
3449
3416
3450
3417
3451
3418
3452
3419
3453
3420
3454
3421
3455
3422
3456
3423
3457
3424
3458
3425
3459
3426
3460
3427
3461
3428
3462
3429
3463
3430
3464
3431
3465
3432
3466
3433
3467
3434
3468
3435
3469
3436
3470
3437
3471
3438
3472
3439
3473
3440
3474
3441
3475
3442
3476
3443
3477
3444
3478
3445
3479
3480
3447
3481
3448
3482
3449
3483
3450
3484
3451
3485
3452
3486
3453
3487
3454
3488
3455
3489
3456
3490
3457
3491
3458
3492
3459
3493
3460
3494
3461
3495
3462
3496
3463
3497
3464
3498
3465
3499
3466
3500
3467
3501
3468
3502
3469
3503
3470
3504
3471
3505
3472
3506
3473
3507
3474
3508
3475
3509
3476
3510
3477
3511
3478
3512
3479
3513
3480
3514
3515
3482
3516
3483
3517
3484
3518
3485
3519
3486
3520
3487
3521
3488
3522
3489
3523
3490
3524
3491
3525
3492
3526
3493
3527
3494
3528
3495
3529
3496
3530
3497
3531
3498
3532
3499
3533
3500
3534
3501
3535
3502
3536
3503
3537
3504
3538
3505
3539
3506
3540
3507
3541
3508
3542
3509
3543
3510
3544
3511
3545
3512
3546
3513
3547
3514
3548
3515
3549
3550
3517
3551
3518
3552
3519
3553
3520
3554
3521
3555
3522
3556
3523
3557
3524
3558
3525
3559
3526
3560
3527
3561
3528
3562
3529
3563
3530
3564
3531
3565
3532
3566
3533
3567
3534
3568
3535
3569
3536
3570
3537
3571
3538
3572
3539
3573
3540
3574
3541
3575
3542
3576
3543
3577
3544
3578
3545
3579
3546
3580
3547
3581
3548
3582
3549
3583
3550
3584
3585
3552
3586
3553
3587
3554
3588
3555
3589
3556
3590
3557
3591
3558
3592
3559
3593
3560
3594
3561
3595
3562
3596
3563
3597
3564
3598
3565
3599
3566
3600
3567
3601
3568
3602
3569
3603
3570
3604
3571
3605
3572
3606
3573
3607
3574
3608
3575
3609
3576
3610
3577
3611
3578
3612
3579
3613
3580
3614
3581
3615
3582
3616
3583
3617
3584
3618
3585
3619
3620
3587
3621
3588
3622
3589
3623
3590
3624
3591
3625
3592
3626
3593
3627
3594
3628
3595
3629
3596
3630
3597
3631
3598
3632
3599
3633
3600
3634
3601
3635
3602
3636
3603
3637
3604
3638
3605
3639
3606
3640
3607
3641
3608
3642
3609
3643
3610
3644
3611
3645
3612
3646
3613
3647
3614
3648
3615
3649
3616
3650
3617
3651
3618
3652
3619
3653
3620
3654
3655
3622
3656
3623
3657
3624
3658
3625
3659
3626
3660
3627
3661
3628
3662
3629
3663
3630
3664
3631
3665
3632
3666
3633
3667
3634
3668
3635
3669
3636
3670
3637
3671
3638
3672
3639
3673
3640
3674
3641
3675
3642
3676
3643
3677
3644
3678
3645
3679
3646
3680
3647
3681
3648
3682
3649
3683
3650
3684
3651
3685
3652
3686
3653
3687
3654
3688
3655
3689
3690
3657
3691
3658
3692
3659
3693
3660
3694
3661
3695
3662
3696
3663
3697
3664
3698
3665
3699
3666
3700
3667
3701
3668
3702
3669
3703
3670
3704
3671
3705
3672
3706
3673
3707
3674
3708
3675
3709
3676
3710
3677
3711
3678
3712
3679
3713
3680
3714
3681
3715
3682
3716
3683
3717
3684
3718
3685
3719
3686
3720
3687
3721
3688
3722
3689
3723
3690
3724
3725
3692
3726
3693
3727
3694
3728
3695
3729
3696
3730
3697
3731
3698
3732
3699
3733
3700
3734
3701
3735
3702
3736
3703
3737
3704
3738
3705
3739
3706
3740
3707
3741
3708
3742
3709
3743
3710
3744
3711
3745
3712
3746
3713
3747
3714
3748
3715
3749
3716
3750
3717
3751
3718
3752
3719
3753
3720
3754
3721
3755
3722
3756
3723
3757
3724
3758
3725
3759
3760
3727
3761
3728
3762
3729
3763
3730
3764
3731
3765
3732
3766
3733
3767
3734
3768
3735
3769
3736
3770
3737
3771
3738
3772
3739
3773
3740
3774
3741
3775
3742
3776
3743
3777
3744
3778
3745
3779
3746
3780
3747
3781
3748
3782
3749
3783
3750
3784
3751
3785
3752
3786
3753
3787
3754
3788
3755
3789
3756
3790
3757
3791
3758
3792
3759
3793
3760
3794
3795
3762
3796
3763
3797
3764
3798
3765
3799
3766
3800
3767
3801
3768
3802
3769
3803
3770
3804
3771
3805
3772
3806
3773
3807
3774
3808
3775
3809
3776
3810
3777
3811
3778
3812
3779
3813
3780
3814
3781
3815
3782
3816
3783
3817
3784
3818
3785
3819
3786
3820
3787
3821
3788
3822
3789
3823
3790
3824
3791
3825
3792
3826
3793
3827
3794
3828
3795
3829
3830
3797
3831
3798
3832
3799
3833
3800
3834
3801
3835
3802
3836
3803
3837
3804
3838
3805
3839
3806
3840
3807
3841
3808
3842
3809
3843
3810
3844
3811
3845
3812
3846
3813
3847
3814
3848
3815
3849
3816
3850
3817
3851
3818
3852
3819
3853
3820
3854
3821
3855
3822
3856
3823
3857
3824
3858
3825
3859
3826
3860
3827
3861
3828
3862
3829
3863
3830
3864
3865
3832
3866
3833
3867
3834
3868
3835
3869
3836
3870
3837
3871
3838
3872
3839
3873
3840
3874
3841
3875
3842
3876
3843
3877
3844
3878
3845
3879
3846
3880
3847
3881
3848
3882
3849
3883
3850
3884
3851
3885
3852
3886
3853
3887
3854
3888
3855
3889
3856
3890
3857
3891
3858
3892
3859
3893
3860
3894
3861
3895
3862
3896
3863
3897
3864
3898
3865
3899
3900
3867
3901
3868
3902
3869
3903
3870
3904
3871
3905
3872
3906
3873
3907
3874
3908
3875
3909
3876
3910
3877
3911
3878
3912
3879
3913
3880
3914
3881
3915
3882
3916
3883
3917
3884
3918
3885
3919
3886
3920
3887
3921
3888
3922
3889
3923
3890
3924
3891
3925
3892
3926
3893
3927
3894
3928
3895
3929
3896
3930
3897
3931
3898
3932
3899
3933
3900
3934
3935
3902
3936
3903
3937
3904
3938
3905
3939
3906
3940
3907
3941
3908
3942
3909
3943
3910
3944
3911
3945
3912
3946
3913
3947
3914
3948
3915
3949
3916
3950
3917
3951
3918
3952
3919
3953
3920
3954
3921
3955
3922
3956
3923
3957
3924
3958
3925
3959
3926
3960
3927
3961
3928
3962
3929
3963
3930
3964
3931
3965
3932
3966
3933
3967
3934
3968
3935
3969
3970
3937
3971
3938
3972
3939
3973
3940
3974
3941
3975
3942
3976
3943
3977
3944
3978
3945
3979
3946
3980
3947
3981
3948
3982
3949
3983
3950
3984
3951
3985
3952
3986
3953
3987
3954
3988
3955
3989
3956
3990
3957
3991
3958
3992
3959
3993
3960
3994
3961
3995
3962
3996
3963
3997
3964
3998
3965
3999
3966
4000
3967
4001
3968
4002
3969
4003
3970
4004
4005
3972
4006
3973
4007
3974
4008
3975
4009
3976
4010
3977
4011
3978
4012
3979
4013
3980
4014
3981
4015
3982
4016
3983
4017
3984
4018
3985
4019
3986
4020
3987
4021
3988
4022
3989
4023
3990
4024
3991
4025
3992
4026
3993
4027
3994
4028
3995
4029
3996
4030
3997
4031
3998
4032
3999
4033
4000
4034
4001
4035
4002
4036
4003
4037
4004
4038
4005
4039
4040
4007
4041
4008
4042
4009
4043
4010
4044
4011
4045
4012
4046
4013
4047
4014
4048
4015
4049
4016
4050
4017
4051
4018
4052
4019
4053
4020
4054
4021
4055
4022
4056
4023
4057
4024
4058
4025
4059
4026
4060
4027
4061
4028
4062
4029
4063
4030
4064
4031
4065
4032
4066
4033
4067
4034
4068
4035
4069
4036
4070
4037
4071
4038
4072
4039
4073
4040
4074
4075
4042
4076
4043
4077
4044
4078
4045
4079
4046
4080
4047
4081
4048
4082
4049
4083
4050
4084
4051
4085
4052
4086
4053
4087
4054
4088
4055
4089
4056
4090
4057
4091
4058
4092
4059
4093
4060
4094
4061
4095
4062
4096
4063
4097
4064
4098
4065
4099
4066
4100
4067
4101
4068
4102
4069
4103
4070
4104
4071
4105
4072
4106
4073
4107
4074
4108
4075
4109
4110
4077
4111
4078
4112
4079
4113
4080
4114
4081
4115
4082
4116
4083
4117
4084
4118
4085
4119
4086
4120
4087
4121
4088
4122
4089
4123
4090
4124
4091
4125
4092
4126
4093
4127
4094
4128
4095
4129
4096
4130
4097
4131
4098
4132
4099
4133
4100
4134
4101
4135
4102
4136
4103
4137
4104
4138
4105
4139
4106
4140
4107
4141
4108
4142
4109
4143
4110
4144
4145
4112
4113
4114
4115
4116
4117
4118
4119
4120
4121
4122
4123
4124
4125
4126
4127
4128
4129
4130
4131
4132
4133
4134
4135
4136
4137
4138
4139
4140
4141
4142
4143
4144
4145
4147
4148
4149
4149
4150
4151
4151
4152
4153
4153
4154
4155
4155
4156
4157
4157
4158
4159
4159
4160
4161
4161
4162
4163
4163
4164
4165
4165
4166
4167
4167
4168
4169
4169
4170
4171
4171
4172
4173
4173
4174
4175
4175
4176
4177
4177
4178
4179
4179
4180
4181
4181
4182
4183
4183
4184
4185
4185
)


// ************************************************************************* //
