/*--------------------------------*- C++ -*----------------------------------*\
| =========                 |                                                 |
| \\      /  F ield         | OpenFOAM: The Open Source CFD Toolbox           |
|  \\    /   O peration     | Version:  2412                                  |
|   \\  /    A nd           | Website:  www.openfoam.com                      |
|    \\/     M anipulation  |                                                 |
\*---------------------------------------------------------------------------*/
FoamFile
{
    version     2.0;
    format      ascii;
    arch        "LSB;label=32;scalar=64";
    class       faceList;
    location    "constant/polyMesh";
    object      faces;
}
// * * * * * * * * * * * * * * * * * * * * * * * * * * * * * * * * * * * * * //


2960
(
4(197 183 941 235)
4(10 197 235 14)
4(182 940 966 557)
4(197 557 966 235)
4(557 181 939 966)
4(557 180 938 966)
4(179 937 967 556)
4(557 556 967 966)
4(556 178 936 967)
4(556 177 935 967)
4(556 176 934 967)
4(175 933 968 555)
4(556 555 968 967)
4(555 174 932 968)
4(555 173 931 968)
4(172 930 969 554)
4(555 554 969 968)
4(554 171 929 969)
4(554 170 928 969)
4(169 927 970 553)
4(554 553 970 969)
4(553 168 926 970)
4(553 167 925 970)
4(166 924 971 552)
4(553 552 971 970)
4(552 165 923 971)
4(552 164 922 971)
4(552 163 921 971)
4(162 920 972 551)
4(552 551 972 971)
4(551 161 919 972)
4(551 160 918 972)
4(9 13 973 550)
4(551 550 973 972)
4(550 159 917 973)
4(550 158 916 973)
4(157 915 974 549)
4(550 549 974 973)
4(549 156 914 974)
4(155 913 975 548)
4(549 548 975 974)
4(548 154 912 975)
4(548 153 911 975)
4(152 910 976 547)
4(548 547 976 975)
4(547 151 909 976)
4(150 908 977 546)
4(547 546 977 976)
4(546 149 907 977)
4(546 148 906 977)
4(147 905 978 545)
4(546 545 978 977)
4(545 146 904 978)
4(545 145 903 978)
4(144 902 979 544)
4(545 544 979 978)
4(544 143 901 979)
4(142 900 980 543)
4(544 543 980 979)
4(543 141 899 980)
4(543 140 898 980)
4(139 897 981 542)
4(543 542 981 980)
4(542 138 896 981)
4(137 895 982 541)
4(542 541 982 981)
4(541 136 894 982)
4(541 8 12 982)
4(135 870 983 540)
4(541 540 983 982)
4(540 134 871 983)
4(540 133 872 983)
4(132 873 984 539)
4(540 539 984 983)
4(539 131 874 984)
4(539 130 875 984)
4(539 129 876 984)
4(128 877 985 538)
4(539 538 985 984)
4(538 127 878 985)
4(538 126 879 985)
4(125 880 986 537)
4(538 537 986 985)
4(537 124 881 986)
4(537 123 882 986)
4(122 883 987 536)
4(537 536 987 986)
4(536 121 884 987)
4(536 120 885 987)
4(119 886 988 535)
4(536 535 988 987)
4(535 118 887 988)
4(535 117 888 988)
4(535 116 889 988)
4(115 890 989 534)
4(535 534 989 988)
4(534 114 891 989)
4(534 113 892 989)
4(112 893 88 42)
4(534 42 88 989)
4(42 1 4 88)
4(29 558 990 75)
4(198 942 990 558)
4(2 29 75 6)
4(30 559 991 76)
4(558 990 991 559)
4(29 30 76 75)
4(31 560 992 77)
4(559 991 992 560)
4(30 31 77 76)
4(32 561 993 78)
4(560 992 993 561)
4(31 32 78 77)
4(33 562 994 79)
4(561 993 994 562)
4(32 33 79 78)
4(34 563 995 80)
4(562 994 995 563)
4(33 34 80 79)
4(35 564 996 81)
4(563 995 996 564)
4(34 35 81 80)
4(36 565 997 82)
4(564 996 997 565)
4(35 36 82 81)
4(37 566 998 83)
4(565 997 998 566)
4(36 37 83 82)
4(38 567 999 84)
4(566 998 999 567)
4(37 38 84 83)
4(39 568 1000 85)
4(567 999 1000 568)
4(38 39 85 84)
4(40 569 1001 86)
4(568 1000 1001 569)
4(39 40 86 85)
4(41 570 1002 87)
4(569 1001 1002 570)
4(40 41 87 86)
4(570 1002 989 534)
4(41 42 88 87)
4(558 571 1003 990)
4(199 943 1003 571)
4(559 572 1004 991)
4(571 1003 1004 572)
4(560 573 1005 992)
4(572 1004 1005 573)
4(561 574 1006 993)
4(573 1005 1006 574)
4(562 575 1007 994)
4(574 1006 1007 575)
4(563 576 1008 995)
4(575 1007 1008 576)
4(564 577 1009 996)
4(576 1008 1009 577)
4(565 578 1010 997)
4(577 1009 1010 578)
4(566 579 1011 998)
4(578 1010 1011 579)
4(567 580 1012 999)
4(579 1011 1012 580)
4(568 581 1013 1000)
4(580 1012 1013 581)
4(569 582 1014 1001)
4(581 1013 1014 582)
4(570 583 1015 1002)
4(582 1014 1015 583)
4(583 1015 988 535)
4(571 584 1016 1003)
4(200 944 1016 584)
4(572 585 1017 1004)
4(584 1016 1017 585)
4(573 586 1018 1005)
4(585 1017 1018 586)
4(574 587 1019 1006)
4(586 1018 1019 587)
4(575 588 1020 1007)
4(587 1019 1020 588)
4(576 589 1021 1008)
4(588 1020 1021 589)
4(577 590 1022 1009)
4(589 1021 1022 590)
4(578 591 1023 1010)
4(590 1022 1023 591)
4(579 592 1024 1011)
4(591 1023 1024 592)
4(580 593 1025 1012)
4(592 1024 1025 593)
4(581 594 1026 1013)
4(593 1025 1026 594)
4(582 595 1027 1014)
4(594 1026 1027 595)
4(583 596 1028 1015)
4(595 1027 1028 596)
4(596 1028 987 536)
4(584 597 1029 1016)
4(201 945 1029 597)
4(585 598 1030 1017)
4(597 1029 1030 598)
4(586 599 1031 1018)
4(598 1030 1031 599)
4(587 600 1032 1019)
4(599 1031 1032 600)
4(588 601 1033 1020)
4(600 1032 1033 601)
4(589 602 1034 1021)
4(601 1033 1034 602)
4(590 603 1035 1022)
4(602 1034 1035 603)
4(591 604 1036 1023)
4(603 1035 1036 604)
4(592 605 1037 1024)
4(604 1036 1037 605)
4(593 606 1038 1025)
4(605 1037 1038 606)
4(594 607 1039 1026)
4(606 1038 1039 607)
4(595 608 1040 1027)
4(607 1039 1040 608)
4(596 609 1041 1028)
4(608 1040 1041 609)
4(609 1041 986 537)
4(597 610 1042 1029)
4(202 946 1042 610)
4(598 611 1043 1030)
4(610 1042 1043 611)
4(599 612 1044 1031)
4(611 1043 1044 612)
4(600 613 1045 1032)
4(612 1044 1045 613)
4(601 614 1046 1033)
4(613 1045 1046 614)
4(602 615 1047 1034)
4(614 1046 1047 615)
4(603 616 1048 1035)
4(615 1047 1048 616)
4(604 617 1049 1036)
4(616 1048 1049 617)
4(605 618 1050 1037)
4(617 1049 1050 618)
4(606 619 1051 1038)
4(618 1050 1051 619)
4(607 620 1052 1039)
4(619 1051 1052 620)
4(608 621 1053 1040)
4(620 1052 1053 621)
4(609 622 1054 1041)
4(621 1053 1054 622)
4(622 1054 985 538)
4(610 623 1055 1042)
4(203 947 1055 623)
4(611 624 1056 1043)
4(623 1055 1056 624)
4(612 625 1057 1044)
4(624 1056 1057 625)
4(613 626 1058 1045)
4(625 1057 1058 626)
4(614 627 1059 1046)
4(626 1058 1059 627)
4(615 628 1060 1047)
4(627 1059 1060 628)
4(616 629 1061 1048)
4(628 1060 1061 629)
4(617 630 1062 1049)
4(629 1061 1062 630)
4(618 631 1063 1050)
4(630 1062 1063 631)
4(619 632 1064 1051)
4(631 1063 1064 632)
4(620 633 1065 1052)
4(632 1064 1065 633)
4(621 634 1066 1053)
4(633 1065 1066 634)
4(622 635 1067 1054)
4(634 1066 1067 635)
4(635 1067 984 539)
4(623 636 1068 1055)
4(204 948 1068 636)
4(624 637 1069 1056)
4(636 1068 1069 637)
4(625 638 1070 1057)
4(637 1069 1070 638)
4(626 639 1071 1058)
4(638 1070 1071 639)
4(627 640 1072 1059)
4(639 1071 1072 640)
4(628 641 1073 1060)
4(640 1072 1073 641)
4(629 642 1074 1061)
4(641 1073 1074 642)
4(630 643 1075 1062)
4(642 1074 1075 643)
4(631 644 1076 1063)
4(643 1075 1076 644)
4(632 645 1077 1064)
4(644 1076 1077 645)
4(633 646 1078 1065)
4(645 1077 1078 646)
4(634 647 1079 1066)
4(646 1078 1079 647)
4(635 648 1080 1067)
4(647 1079 1080 648)
4(648 1080 983 540)
4(636 649 1081 1068)
4(205 949 1081 649)
4(637 650 1082 1069)
4(649 1081 1082 650)
4(638 651 1083 1070)
4(650 1082 1083 651)
4(639 652 1084 1071)
4(651 1083 1084 652)
4(640 653 1085 1072)
4(652 1084 1085 653)
4(641 654 1086 1073)
4(653 1085 1086 654)
4(642 655 1087 1074)
4(654 1086 1087 655)
4(643 656 1088 1075)
4(655 1087 1088 656)
4(644 657 1089 1076)
4(656 1088 1089 657)
4(645 658 1090 1077)
4(657 1089 1090 658)
4(646 659 1091 1078)
4(658 1090 1091 659)
4(647 660 1092 1079)
4(659 1091 1092 660)
4(648 661 1093 1080)
4(660 1092 1093 661)
4(661 1093 982 541)
4(649 662 1094 1081)
4(206 950 1094 662)
4(650 663 1095 1082)
4(662 1094 1095 663)
4(651 664 1096 1083)
4(663 1095 1096 664)
4(652 665 1097 1084)
4(664 1096 1097 665)
4(653 666 1098 1085)
4(665 1097 1098 666)
4(654 667 1099 1086)
4(666 1098 1099 667)
4(655 668 1100 1087)
4(667 1099 1100 668)
4(656 669 1101 1088)
4(668 1100 1101 669)
4(657 670 1102 1089)
4(669 1101 1102 670)
4(658 671 1103 1090)
4(670 1102 1103 671)
4(659 672 1104 1091)
4(671 1103 1104 672)
4(660 673 1105 1092)
4(672 1104 1105 673)
4(661 674 1106 1093)
4(673 1105 1106 674)
4(674 1106 981 542)
4(662 675 1107 1094)
4(207 951 1107 675)
4(663 676 1108 1095)
4(675 1107 1108 676)
4(664 677 1109 1096)
4(676 1108 1109 677)
4(665 678 1110 1097)
4(677 1109 1110 678)
4(666 679 1111 1098)
4(678 1110 1111 679)
4(667 680 1112 1099)
4(679 1111 1112 680)
4(668 681 1113 1100)
4(680 1112 1113 681)
4(669 682 1114 1101)
4(681 1113 1114 682)
4(670 683 1115 1102)
4(682 1114 1115 683)
4(671 684 1116 1103)
4(683 1115 1116 684)
4(672 685 1117 1104)
4(684 1116 1117 685)
4(673 686 1118 1105)
4(685 1117 1118 686)
4(674 687 1119 1106)
4(686 1118 1119 687)
4(687 1119 980 543)
4(675 688 1120 1107)
4(208 952 1120 688)
4(676 689 1121 1108)
4(688 1120 1121 689)
4(677 690 1122 1109)
4(689 1121 1122 690)
4(678 691 1123 1110)
4(690 1122 1123 691)
4(679 692 1124 1111)
4(691 1123 1124 692)
4(680 693 1125 1112)
4(692 1124 1125 693)
4(681 694 1126 1113)
4(693 1125 1126 694)
4(682 695 1127 1114)
4(694 1126 1127 695)
4(683 696 1128 1115)
4(695 1127 1128 696)
4(684 697 1129 1116)
4(696 1128 1129 697)
4(685 698 1130 1117)
4(697 1129 1130 698)
4(686 699 1131 1118)
4(698 1130 1131 699)
4(687 700 1132 1119)
4(699 1131 1132 700)
4(700 1132 979 544)
4(688 701 1133 1120)
4(209 953 1133 701)
4(689 702 1134 1121)
4(701 1133 1134 702)
4(690 703 1135 1122)
4(702 1134 1135 703)
4(691 704 1136 1123)
4(703 1135 1136 704)
4(692 705 1137 1124)
4(704 1136 1137 705)
4(693 706 1138 1125)
4(705 1137 1138 706)
4(694 707 1139 1126)
4(706 1138 1139 707)
4(695 708 1140 1127)
4(707 1139 1140 708)
4(696 709 1141 1128)
4(708 1140 1141 709)
4(697 710 1142 1129)
4(709 1141 1142 710)
4(698 711 1143 1130)
4(710 1142 1143 711)
4(699 712 1144 1131)
4(711 1143 1144 712)
4(700 713 1145 1132)
4(712 1144 1145 713)
4(713 1145 978 545)
4(701 714 1146 1133)
4(210 954 1146 714)
4(702 715 1147 1134)
4(714 1146 1147 715)
4(703 716 1148 1135)
4(715 1147 1148 716)
4(704 717 1149 1136)
4(716 1148 1149 717)
4(705 718 1150 1137)
4(717 1149 1150 718)
4(706 719 1151 1138)
4(718 1150 1151 719)
4(707 720 1152 1139)
4(719 1151 1152 720)
4(708 721 1153 1140)
4(720 1152 1153 721)
4(709 722 1154 1141)
4(721 1153 1154 722)
4(710 723 1155 1142)
4(722 1154 1155 723)
4(711 724 1156 1143)
4(723 1155 1156 724)
4(712 725 1157 1144)
4(724 1156 1157 725)
4(713 726 1158 1145)
4(725 1157 1158 726)
4(726 1158 977 546)
4(714 727 1159 1146)
4(211 955 1159 727)
4(715 728 1160 1147)
4(727 1159 1160 728)
4(716 729 1161 1148)
4(728 1160 1161 729)
4(717 730 1162 1149)
4(729 1161 1162 730)
4(718 731 1163 1150)
4(730 1162 1163 731)
4(719 732 1164 1151)
4(731 1163 1164 732)
4(720 733 1165 1152)
4(732 1164 1165 733)
4(721 734 1166 1153)
4(733 1165 1166 734)
4(722 735 1167 1154)
4(734 1166 1167 735)
4(723 736 1168 1155)
4(735 1167 1168 736)
4(724 737 1169 1156)
4(736 1168 1169 737)
4(725 738 1170 1157)
4(737 1169 1170 738)
4(726 739 1171 1158)
4(738 1170 1171 739)
4(739 1171 976 547)
4(727 740 1172 1159)
4(212 956 1172 740)
4(728 741 1173 1160)
4(740 1172 1173 741)
4(729 742 1174 1161)
4(741 1173 1174 742)
4(730 743 1175 1162)
4(742 1174 1175 743)
4(731 744 1176 1163)
4(743 1175 1176 744)
4(732 745 1177 1164)
4(744 1176 1177 745)
4(733 746 1178 1165)
4(745 1177 1178 746)
4(734 747 1179 1166)
4(746 1178 1179 747)
4(735 748 1180 1167)
4(747 1179 1180 748)
4(736 749 1181 1168)
4(748 1180 1181 749)
4(737 750 1182 1169)
4(749 1181 1182 750)
4(738 751 1183 1170)
4(750 1182 1183 751)
4(739 752 1184 1171)
4(751 1183 1184 752)
4(752 1184 975 548)
4(740 753 1185 1172)
4(213 957 1185 753)
4(741 754 1186 1173)
4(753 1185 1186 754)
4(742 755 1187 1174)
4(754 1186 1187 755)
4(743 756 1188 1175)
4(755 1187 1188 756)
4(744 757 1189 1176)
4(756 1188 1189 757)
4(745 758 1190 1177)
4(757 1189 1190 758)
4(746 759 1191 1178)
4(758 1190 1191 759)
4(747 760 1192 1179)
4(759 1191 1192 760)
4(748 761 1193 1180)
4(760 1192 1193 761)
4(749 762 1194 1181)
4(761 1193 1194 762)
4(750 763 1195 1182)
4(762 1194 1195 763)
4(751 764 1196 1183)
4(763 1195 1196 764)
4(752 765 1197 1184)
4(764 1196 1197 765)
4(765 1197 974 549)
4(753 766 1198 1185)
4(214 958 1198 766)
4(754 767 1199 1186)
4(766 1198 1199 767)
4(755 768 1200 1187)
4(767 1199 1200 768)
4(756 769 1201 1188)
4(768 1200 1201 769)
4(757 770 1202 1189)
4(769 1201 1202 770)
4(758 771 1203 1190)
4(770 1202 1203 771)
4(759 772 1204 1191)
4(771 1203 1204 772)
4(760 773 1205 1192)
4(772 1204 1205 773)
4(761 774 1206 1193)
4(773 1205 1206 774)
4(762 775 1207 1194)
4(774 1206 1207 775)
4(763 776 1208 1195)
4(775 1207 1208 776)
4(764 777 1209 1196)
4(776 1208 1209 777)
4(765 778 1210 1197)
4(777 1209 1210 778)
4(778 1210 973 550)
4(766 779 1211 1198)
4(215 959 1211 779)
4(767 780 1212 1199)
4(779 1211 1212 780)
4(768 781 1213 1200)
4(780 1212 1213 781)
4(769 782 1214 1201)
4(781 1213 1214 782)
4(770 783 1215 1202)
4(782 1214 1215 783)
4(771 784 1216 1203)
4(783 1215 1216 784)
4(772 785 1217 1204)
4(784 1216 1217 785)
4(773 786 1218 1205)
4(785 1217 1218 786)
4(774 787 1219 1206)
4(786 1218 1219 787)
4(775 788 1220 1207)
4(787 1219 1220 788)
4(776 789 1221 1208)
4(788 1220 1221 789)
4(777 790 1222 1209)
4(789 1221 1222 790)
4(778 791 1223 1210)
4(790 1222 1223 791)
4(791 1223 972 551)
4(779 792 1224 1211)
4(216 960 1224 792)
4(780 793 1225 1212)
4(792 1224 1225 793)
4(781 794 1226 1213)
4(793 1225 1226 794)
4(782 795 1227 1214)
4(794 1226 1227 795)
4(783 796 1228 1215)
4(795 1227 1228 796)
4(784 797 1229 1216)
4(796 1228 1229 797)
4(785 798 1230 1217)
4(797 1229 1230 798)
4(786 799 1231 1218)
4(798 1230 1231 799)
4(787 800 1232 1219)
4(799 1231 1232 800)
4(788 801 1233 1220)
4(800 1232 1233 801)
4(789 802 1234 1221)
4(801 1233 1234 802)
4(790 803 1235 1222)
4(802 1234 1235 803)
4(791 804 1236 1223)
4(803 1235 1236 804)
4(804 1236 971 552)
4(792 805 1237 1224)
4(217 961 1237 805)
4(793 806 1238 1225)
4(805 1237 1238 806)
4(794 807 1239 1226)
4(806 1238 1239 807)
4(795 808 1240 1227)
4(807 1239 1240 808)
4(796 809 1241 1228)
4(808 1240 1241 809)
4(797 810 1242 1229)
4(809 1241 1242 810)
4(798 811 1243 1230)
4(810 1242 1243 811)
4(799 812 1244 1231)
4(811 1243 1244 812)
4(800 813 1245 1232)
4(812 1244 1245 813)
4(801 814 1246 1233)
4(813 1245 1246 814)
4(802 815 1247 1234)
4(814 1246 1247 815)
4(803 816 1248 1235)
4(815 1247 1248 816)
4(804 817 1249 1236)
4(816 1248 1249 817)
4(817 1249 970 553)
4(805 818 1250 1237)
4(218 962 1250 818)
4(806 819 1251 1238)
4(818 1250 1251 819)
4(807 820 1252 1239)
4(819 1251 1252 820)
4(808 821 1253 1240)
4(820 1252 1253 821)
4(809 822 1254 1241)
4(821 1253 1254 822)
4(810 823 1255 1242)
4(822 1254 1255 823)
4(811 824 1256 1243)
4(823 1255 1256 824)
4(812 825 1257 1244)
4(824 1256 1257 825)
4(813 826 1258 1245)
4(825 1257 1258 826)
4(814 827 1259 1246)
4(826 1258 1259 827)
4(815 828 1260 1247)
4(827 1259 1260 828)
4(816 829 1261 1248)
4(828 1260 1261 829)
4(817 830 1262 1249)
4(829 1261 1262 830)
4(830 1262 969 554)
4(818 831 1263 1250)
4(219 963 1263 831)
4(819 832 1264 1251)
4(831 1263 1264 832)
4(820 833 1265 1252)
4(832 1264 1265 833)
4(821 834 1266 1253)
4(833 1265 1266 834)
4(822 835 1267 1254)
4(834 1266 1267 835)
4(823 836 1268 1255)
4(835 1267 1268 836)
4(824 837 1269 1256)
4(836 1268 1269 837)
4(825 838 1270 1257)
4(837 1269 1270 838)
4(826 839 1271 1258)
4(838 1270 1271 839)
4(827 840 1272 1259)
4(839 1271 1272 840)
4(828 841 1273 1260)
4(840 1272 1273 841)
4(829 842 1274 1261)
4(841 1273 1274 842)
4(830 843 1275 1262)
4(842 1274 1275 843)
4(843 1275 968 555)
4(831 844 1276 1263)
4(220 964 1276 844)
4(832 845 1277 1264)
4(844 1276 1277 845)
4(833 846 1278 1265)
4(845 1277 1278 846)
4(834 847 1279 1266)
4(846 1278 1279 847)
4(835 848 1280 1267)
4(847 1279 1280 848)
4(836 849 1281 1268)
4(848 1280 1281 849)
4(837 850 1282 1269)
4(849 1281 1282 850)
4(838 851 1283 1270)
4(850 1282 1283 851)
4(839 852 1284 1271)
4(851 1283 1284 852)
4(840 853 1285 1272)
4(852 1284 1285 853)
4(841 854 1286 1273)
4(853 1285 1286 854)
4(842 855 1287 1274)
4(854 1286 1287 855)
4(843 856 1288 1275)
4(855 1287 1288 856)
4(856 1288 967 556)
4(844 857 1289 1276)
4(221 965 1289 857)
4(845 858 1290 1277)
4(857 1289 1290 858)
4(846 859 1291 1278)
4(858 1290 1291 859)
4(847 860 1292 1279)
4(859 1291 1292 860)
4(848 861 1293 1280)
4(860 1292 1293 861)
4(849 862 1294 1281)
4(861 1293 1294 862)
4(850 863 1295 1282)
4(862 1294 1295 863)
4(851 864 1296 1283)
4(863 1295 1296 864)
4(852 865 1297 1284)
4(864 1296 1297 865)
4(853 866 1298 1285)
4(865 1297 1298 866)
4(854 867 1299 1286)
4(866 1298 1299 867)
4(855 868 1300 1287)
4(867 1299 1300 868)
4(856 869 1301 1288)
4(868 1300 1301 869)
4(869 1301 966 557)
4(857 184 222 1289)
4(11 15 222 184)
4(858 185 223 1290)
4(184 222 223 185)
4(859 186 224 1291)
4(185 223 224 186)
4(860 187 225 1292)
4(186 224 225 187)
4(861 188 226 1293)
4(187 225 226 188)
4(862 189 227 1294)
4(188 226 227 189)
4(863 190 228 1295)
4(189 227 228 190)
4(864 191 229 1296)
4(190 228 229 191)
4(865 192 230 1297)
4(191 229 230 192)
4(866 193 231 1298)
4(192 230 231 193)
4(867 194 232 1299)
4(193 231 232 194)
4(868 195 233 1300)
4(194 232 233 195)
4(869 196 234 1301)
4(195 233 234 196)
4(196 234 235 197)
4(42 282 1302 88)
4(28 66 1302 282)
4(41 283 1303 87)
4(282 1302 1303 283)
4(40 284 1304 86)
4(283 1303 1304 284)
4(39 285 1305 85)
4(284 1304 1305 285)
4(38 286 1306 84)
4(285 1305 1306 286)
4(37 287 1307 83)
4(286 1306 1307 287)
4(36 288 1308 82)
4(287 1307 1308 288)
4(35 289 1309 81)
4(288 1308 1309 289)
4(34 290 1310 80)
4(289 1309 1310 290)
4(33 291 1311 79)
4(290 1310 1311 291)
4(32 292 1312 78)
4(291 1311 1312 292)
4(31 293 1313 77)
4(292 1312 1313 293)
4(30 294 1314 76)
4(293 1313 1314 294)
4(29 295 1315 75)
4(294 1314 1315 295)
4(295 1315 97 51)
4(282 296 1316 1302)
4(27 67 1316 296)
4(283 297 1317 1303)
4(296 1316 1317 297)
4(284 298 1318 1304)
4(297 1317 1318 298)
4(285 299 1319 1305)
4(298 1318 1319 299)
4(286 300 1320 1306)
4(299 1319 1320 300)
4(287 301 1321 1307)
4(300 1320 1321 301)
4(288 302 1322 1308)
4(301 1321 1322 302)
4(289 303 1323 1309)
4(302 1322 1323 303)
4(290 304 1324 1310)
4(303 1323 1324 304)
4(291 305 1325 1311)
4(304 1324 1325 305)
4(292 306 1326 1312)
4(305 1325 1326 306)
4(293 307 1327 1313)
4(306 1326 1327 307)
4(294 308 1328 1314)
4(307 1327 1328 308)
4(295 309 1329 1315)
4(308 1328 1329 309)
4(309 1329 96 50)
4(296 310 1330 1316)
4(26 68 1330 310)
4(297 311 1331 1317)
4(310 1330 1331 311)
4(298 312 1332 1318)
4(311 1331 1332 312)
4(299 313 1333 1319)
4(312 1332 1333 313)
4(300 314 1334 1320)
4(313 1333 1334 314)
4(301 315 1335 1321)
4(314 1334 1335 315)
4(302 316 1336 1322)
4(315 1335 1336 316)
4(303 317 1337 1323)
4(316 1336 1337 317)
4(304 318 1338 1324)
4(317 1337 1338 318)
4(305 319 1339 1325)
4(318 1338 1339 319)
4(306 320 1340 1326)
4(319 1339 1340 320)
4(307 321 1341 1327)
4(320 1340 1341 321)
4(308 322 1342 1328)
4(321 1341 1342 322)
4(309 323 1343 1329)
4(322 1342 1343 323)
4(323 1343 95 49)
4(310 324 1344 1330)
4(25 69 1344 324)
4(311 325 1345 1331)
4(324 1344 1345 325)
4(312 326 1346 1332)
4(325 1345 1346 326)
4(313 327 1347 1333)
4(326 1346 1347 327)
4(314 328 1348 1334)
4(327 1347 1348 328)
4(315 329 1349 1335)
4(328 1348 1349 329)
4(316 330 1350 1336)
4(329 1349 1350 330)
4(317 331 1351 1337)
4(330 1350 1351 331)
4(318 332 1352 1338)
4(331 1351 1352 332)
4(319 333 1353 1339)
4(332 1352 1353 333)
4(320 334 1354 1340)
4(333 1353 1354 334)
4(321 335 1355 1341)
4(334 1354 1355 335)
4(322 336 1356 1342)
4(335 1355 1356 336)
4(323 337 1357 1343)
4(336 1356 1357 337)
4(337 1357 94 48)
4(324 338 1358 1344)
4(24 70 1358 338)
4(325 339 1359 1345)
4(338 1358 1359 339)
4(326 340 1360 1346)
4(339 1359 1360 340)
4(327 341 1361 1347)
4(340 1360 1361 341)
4(328 342 1362 1348)
4(341 1361 1362 342)
4(329 343 1363 1349)
4(342 1362 1363 343)
4(330 344 1364 1350)
4(343 1363 1364 344)
4(331 345 1365 1351)
4(344 1364 1365 345)
4(332 346 1366 1352)
4(345 1365 1366 346)
4(333 347 1367 1353)
4(346 1366 1367 347)
4(334 348 1368 1354)
4(347 1367 1368 348)
4(335 349 1369 1355)
4(348 1368 1369 349)
4(336 350 1370 1356)
4(349 1369 1370 350)
4(337 351 1371 1357)
4(350 1370 1371 351)
4(351 1371 93 47)
4(338 352 1372 1358)
4(23 71 1372 352)
4(339 353 1373 1359)
4(352 1372 1373 353)
4(340 354 1374 1360)
4(353 1373 1374 354)
4(341 355 1375 1361)
4(354 1374 1375 355)
4(342 356 1376 1362)
4(355 1375 1376 356)
4(343 357 1377 1363)
4(356 1376 1377 357)
4(344 358 1378 1364)
4(357 1377 1378 358)
4(345 359 1379 1365)
4(358 1378 1379 359)
4(346 360 1380 1366)
4(359 1379 1380 360)
4(347 361 1381 1367)
4(360 1380 1381 361)
4(348 362 1382 1368)
4(361 1381 1382 362)
4(349 363 1383 1369)
4(362 1382 1383 363)
4(350 364 1384 1370)
4(363 1383 1384 364)
4(351 365 1385 1371)
4(364 1384 1385 365)
4(365 1385 92 46)
4(352 366 1386 1372)
4(22 72 1386 366)
4(353 367 1387 1373)
4(366 1386 1387 367)
4(354 368 1388 1374)
4(367 1387 1388 368)
4(355 369 1389 1375)
4(368 1388 1389 369)
4(356 370 1390 1376)
4(369 1389 1390 370)
4(357 371 1391 1377)
4(370 1390 1391 371)
4(358 372 1392 1378)
4(371 1391 1392 372)
4(359 373 1393 1379)
4(372 1392 1393 373)
4(360 374 1394 1380)
4(373 1393 1394 374)
4(361 375 1395 1381)
4(374 1394 1395 375)
4(362 376 1396 1382)
4(375 1395 1396 376)
4(363 377 1397 1383)
4(376 1396 1397 377)
4(364 378 1398 1384)
4(377 1397 1398 378)
4(365 379 1399 1385)
4(378 1398 1399 379)
4(379 1399 91 45)
4(366 380 1400 1386)
4(21 73 1400 380)
4(367 381 1401 1387)
4(380 1400 1401 381)
4(368 382 1402 1388)
4(381 1401 1402 382)
4(369 383 1403 1389)
4(382 1402 1403 383)
4(370 384 1404 1390)
4(383 1403 1404 384)
4(371 385 1405 1391)
4(384 1404 1405 385)
4(372 386 1406 1392)
4(385 1405 1406 386)
4(373 387 1407 1393)
4(386 1406 1407 387)
4(374 388 1408 1394)
4(387 1407 1408 388)
4(375 389 1409 1395)
4(388 1408 1409 389)
4(376 390 1410 1396)
4(389 1409 1410 390)
4(377 391 1411 1397)
4(390 1410 1411 391)
4(378 392 1412 1398)
4(391 1411 1412 392)
4(379 393 1413 1399)
4(392 1412 1413 393)
4(393 1413 90 44)
4(380 394 1414 1400)
4(20 74 1414 394)
4(381 395 1415 1401)
4(394 1414 1415 395)
4(382 396 1416 1402)
4(395 1415 1416 396)
4(383 397 1417 1403)
4(396 1416 1417 397)
4(384 398 1418 1404)
4(397 1417 1418 398)
4(385 399 1419 1405)
4(398 1418 1419 399)
4(386 400 1420 1406)
4(399 1419 1420 400)
4(387 401 1421 1407)
4(400 1420 1421 401)
4(388 402 1422 1408)
4(401 1421 1422 402)
4(389 403 1423 1409)
4(402 1422 1423 403)
4(390 404 1424 1410)
4(403 1423 1424 404)
4(391 405 1425 1411)
4(404 1424 1425 405)
4(392 406 1426 1412)
4(405 1425 1426 406)
4(393 407 1427 1413)
4(406 1426 1427 407)
4(407 1427 89 43)
4(394 52 98 1414)
4(395 53 99 1415)
4(396 54 100 1416)
4(397 55 101 1417)
4(398 56 102 1418)
4(399 57 103 1419)
4(400 58 104 1420)
4(401 59 105 1421)
4(402 60 106 1422)
4(403 61 107 1423)
4(404 62 108 1424)
4(405 63 109 1425)
4(406 64 110 1426)
4(407 65 111 1427)
4(236 408 1446 1428)
4(197 235 1446 408)
4(237 409 1447 1429)
4(408 1446 1447 409)
4(238 410 1448 1430)
4(409 1447 1448 410)
4(239 411 1449 1431)
4(410 1448 1449 411)
4(240 412 1450 1432)
4(411 1449 1450 412)
4(241 413 1451 1433)
4(412 1450 1451 413)
4(242 414 1452 1434)
4(413 1451 1452 414)
4(243 415 1453 1435)
4(414 1452 1453 415)
4(244 416 1454 1436)
4(415 1453 1454 416)
4(416 1454 281 258)
4(408 417 1455 1446)
4(196 234 1455 417)
4(409 418 1456 1447)
4(417 1455 1456 418)
4(410 419 1457 1448)
4(418 1456 1457 419)
4(411 420 1458 1449)
4(419 1457 1458 420)
4(412 421 1459 1450)
4(420 1458 1459 421)
4(413 422 1460 1451)
4(421 1459 1460 422)
4(414 423 1461 1452)
4(422 1460 1461 423)
4(415 424 1462 1453)
4(423 1461 1462 424)
4(416 425 1463 1454)
4(424 1462 1463 425)
4(425 1463 280 257)
4(417 426 1464 1455)
4(195 233 1464 426)
4(418 427 1465 1456)
4(426 1464 1465 427)
4(419 428 1466 1457)
4(427 1465 1466 428)
4(420 429 1467 1458)
4(428 1466 1467 429)
4(421 430 1468 1459)
4(429 1467 1468 430)
4(422 431 1469 1460)
4(430 1468 1469 431)
4(423 432 1470 1461)
4(431 1469 1470 432)
4(424 433 1471 1462)
4(432 1470 1471 433)
4(425 434 1472 1463)
4(433 1471 1472 434)
4(434 1472 279 256)
4(426 435 1473 1464)
4(194 232 1473 435)
4(427 436 1474 1465)
4(435 1473 1474 436)
4(428 437 1475 1466)
4(436 1474 1475 437)
4(429 438 1476 1467)
4(437 1475 1476 438)
4(430 439 1477 1468)
4(438 1476 1477 439)
4(431 440 1478 1469)
4(439 1477 1478 440)
4(432 441 1479 1470)
4(440 1478 1479 441)
4(433 442 1480 1471)
4(441 1479 1480 442)
4(434 443 1481 1472)
4(442 1480 1481 443)
4(443 1481 278 255)
4(435 444 1482 1473)
4(193 231 1482 444)
4(436 445 1483 1474)
4(444 1482 1483 445)
4(437 446 1484 1475)
4(445 1483 1484 446)
4(438 447 1485 1476)
4(446 1484 1485 447)
4(439 448 1486 1477)
4(447 1485 1486 448)
4(440 449 1487 1478)
4(448 1486 1487 449)
4(441 450 1488 1479)
4(449 1487 1488 450)
4(442 451 1489 1480)
4(450 1488 1489 451)
4(443 452 1490 1481)
4(451 1489 1490 452)
4(452 1490 277 254)
4(444 453 1491 1482)
4(192 230 1491 453)
4(445 454 1492 1483)
4(453 1491 1492 454)
4(446 455 1493 1484)
4(454 1492 1493 455)
4(447 456 1494 1485)
4(455 1493 1494 456)
4(448 457 1495 1486)
4(456 1494 1495 457)
4(449 458 1496 1487)
4(457 1495 1496 458)
4(450 459 1497 1488)
4(458 1496 1497 459)
4(451 460 1498 1489)
4(459 1497 1498 460)
4(452 461 1499 1490)
4(460 1498 1499 461)
4(461 1499 276 253)
4(453 462 1500 1491)
4(191 229 1500 462)
4(454 463 1501 1492)
4(462 1500 1501 463)
4(455 464 1502 1493)
4(463 1501 1502 464)
4(456 465 1503 1494)
4(464 1502 1503 465)
4(457 466 1504 1495)
4(465 1503 1504 466)
4(458 467 1505 1496)
4(466 1504 1505 467)
4(459 468 1506 1497)
4(467 1505 1506 468)
4(460 469 1507 1498)
4(468 1506 1507 469)
4(461 470 1508 1499)
4(469 1507 1508 470)
4(470 1508 275 252)
4(462 471 1509 1500)
4(190 228 1509 471)
4(463 472 1510 1501)
4(471 1509 1510 472)
4(464 473 1511 1502)
4(472 1510 1511 473)
4(465 474 1512 1503)
4(473 1511 1512 474)
4(466 475 1513 1504)
4(474 1512 1513 475)
4(467 476 1514 1505)
4(475 1513 1514 476)
4(468 477 1515 1506)
4(476 1514 1515 477)
4(469 478 1516 1507)
4(477 1515 1516 478)
4(470 479 1517 1508)
4(478 1516 1517 479)
4(479 1517 274 251)
4(471 480 1518 1509)
4(189 227 1518 480)
4(472 481 1519 1510)
4(480 1518 1519 481)
4(473 482 1520 1511)
4(481 1519 1520 482)
4(474 483 1521 1512)
4(482 1520 1521 483)
4(475 484 1522 1513)
4(483 1521 1522 484)
4(476 485 1523 1514)
4(484 1522 1523 485)
4(477 486 1524 1515)
4(485 1523 1524 486)
4(478 487 1525 1516)
4(486 1524 1525 487)
4(479 488 1526 1517)
4(487 1525 1526 488)
4(488 1526 273 250)
4(480 489 1527 1518)
4(188 226 1527 489)
4(481 490 1528 1519)
4(489 1527 1528 490)
4(482 491 1529 1520)
4(490 1528 1529 491)
4(483 492 1530 1521)
4(491 1529 1530 492)
4(484 493 1531 1522)
4(492 1530 1531 493)
4(485 494 1532 1523)
4(493 1531 1532 494)
4(486 495 1533 1524)
4(494 1532 1533 495)
4(487 496 1534 1525)
4(495 1533 1534 496)
4(488 497 1535 1526)
4(496 1534 1535 497)
4(497 1535 272 249)
4(489 498 1536 1527)
4(187 225 1536 498)
4(490 499 1537 1528)
4(498 1536 1537 499)
4(491 500 1538 1529)
4(499 1537 1538 500)
4(492 501 1539 1530)
4(500 1538 1539 501)
4(493 502 1540 1531)
4(501 1539 1540 502)
4(494 503 1541 1532)
4(502 1540 1541 503)
4(495 504 1542 1533)
4(503 1541 1542 504)
4(496 505 1543 1534)
4(504 1542 1543 505)
4(497 506 1544 1535)
4(505 1543 1544 506)
4(506 1544 271 248)
4(498 507 1545 1536)
4(186 224 1545 507)
4(499 508 1546 1537)
4(507 1545 1546 508)
4(500 509 1547 1538)
4(508 1546 1547 509)
4(501 510 1548 1539)
4(509 1547 1548 510)
4(502 511 1549 1540)
4(510 1548 1549 511)
4(503 512 1550 1541)
4(511 1549 1550 512)
4(504 513 1551 1542)
4(512 1550 1551 513)
4(505 514 1552 1543)
4(513 1551 1552 514)
4(506 515 1553 1544)
4(514 1552 1553 515)
4(515 1553 270 247)
4(507 516 1554 1545)
4(185 223 1554 516)
4(508 517 1555 1546)
4(516 1554 1555 517)
4(509 518 1556 1547)
4(517 1555 1556 518)
4(510 519 1557 1548)
4(518 1556 1557 519)
4(511 520 1558 1549)
4(519 1557 1558 520)
4(512 521 1559 1550)
4(520 1558 1559 521)
4(513 522 1560 1551)
4(521 1559 1560 522)
4(514 523 1561 1552)
4(522 1560 1561 523)
4(515 524 1562 1553)
4(523 1561 1562 524)
4(524 1562 269 246)
4(516 525 1563 1554)
4(184 222 1563 525)
4(517 526 1564 1555)
4(525 1563 1564 526)
4(518 527 1565 1556)
4(526 1564 1565 527)
4(519 528 1566 1557)
4(527 1565 1566 528)
4(520 529 1567 1558)
4(528 1566 1567 529)
4(521 530 1568 1559)
4(529 1567 1568 530)
4(522 531 1569 1560)
4(530 1568 1569 531)
4(523 532 1570 1561)
4(531 1569 1570 532)
4(524 533 1571 1562)
4(532 1570 1571 533)
4(533 1571 268 245)
4(525 259 1437 1563)
4(526 260 1438 1564)
4(527 261 1439 1565)
4(528 262 1440 1566)
4(529 263 1441 1567)
4(530 264 1442 1568)
4(531 265 1443 1569)
4(532 266 1444 1570)
4(533 267 1445 1571)
4(10 197 408 236)
4(236 408 409 237)
4(237 409 410 238)
4(238 410 411 239)
4(239 411 412 240)
4(240 412 413 241)
4(241 413 414 242)
4(242 414 415 243)
4(243 415 416 244)
4(244 416 258 16)
4(197 196 417 408)
4(408 417 418 409)
4(409 418 419 410)
4(410 419 420 411)
4(411 420 421 412)
4(412 421 422 413)
4(413 422 423 414)
4(414 423 424 415)
4(415 424 425 416)
4(416 425 257 258)
4(196 195 426 417)
4(417 426 427 418)
4(418 427 428 419)
4(419 428 429 420)
4(420 429 430 421)
4(421 430 431 422)
4(422 431 432 423)
4(423 432 433 424)
4(424 433 434 425)
4(425 434 256 257)
4(195 194 435 426)
4(426 435 436 427)
4(427 436 437 428)
4(428 437 438 429)
4(429 438 439 430)
4(430 439 440 431)
4(431 440 441 432)
4(432 441 442 433)
4(433 442 443 434)
4(434 443 255 256)
4(194 193 444 435)
4(435 444 445 436)
4(436 445 446 437)
4(437 446 447 438)
4(438 447 448 439)
4(439 448 449 440)
4(440 449 450 441)
4(441 450 451 442)
4(442 451 452 443)
4(443 452 254 255)
4(193 192 453 444)
4(444 453 454 445)
4(445 454 455 446)
4(446 455 456 447)
4(447 456 457 448)
4(448 457 458 449)
4(449 458 459 450)
4(450 459 460 451)
4(451 460 461 452)
4(452 461 253 254)
4(192 191 462 453)
4(453 462 463 454)
4(454 463 464 455)
4(455 464 465 456)
4(456 465 466 457)
4(457 466 467 458)
4(458 467 468 459)
4(459 468 469 460)
4(460 469 470 461)
4(461 470 252 253)
4(191 190 471 462)
4(462 471 472 463)
4(463 472 473 464)
4(464 473 474 465)
4(465 474 475 466)
4(466 475 476 467)
4(467 476 477 468)
4(468 477 478 469)
4(469 478 479 470)
4(470 479 251 252)
4(190 189 480 471)
4(471 480 481 472)
4(472 481 482 473)
4(473 482 483 474)
4(474 483 484 475)
4(475 484 485 476)
4(476 485 486 477)
4(477 486 487 478)
4(478 487 488 479)
4(479 488 250 251)
4(189 188 489 480)
4(480 489 490 481)
4(481 490 491 482)
4(482 491 492 483)
4(483 492 493 484)
4(484 493 494 485)
4(485 494 495 486)
4(486 495 496 487)
4(487 496 497 488)
4(488 497 249 250)
4(188 187 498 489)
4(489 498 499 490)
4(490 499 500 491)
4(491 500 501 492)
4(492 501 502 493)
4(493 502 503 494)
4(494 503 504 495)
4(495 504 505 496)
4(496 505 506 497)
4(497 506 248 249)
4(187 186 507 498)
4(498 507 508 499)
4(499 508 509 500)
4(500 509 510 501)
4(501 510 511 502)
4(502 511 512 503)
4(503 512 513 504)
4(504 513 514 505)
4(505 514 515 506)
4(506 515 247 248)
4(186 185 516 507)
4(507 516 517 508)
4(508 517 518 509)
4(509 518 519 510)
4(510 519 520 511)
4(511 520 521 512)
4(512 521 522 513)
4(513 522 523 514)
4(514 523 524 515)
4(515 524 246 247)
4(185 184 525 516)
4(516 525 526 517)
4(517 526 527 518)
4(518 527 528 519)
4(519 528 529 520)
4(520 529 530 521)
4(521 530 531 522)
4(522 531 532 523)
4(523 532 533 524)
4(524 533 245 246)
4(184 11 259 525)
4(525 259 260 526)
4(526 260 261 527)
4(527 261 262 528)
4(528 262 263 529)
4(529 263 264 530)
4(530 264 265 531)
4(531 265 266 532)
4(532 266 267 533)
4(533 267 17 245)
4(1 28 282 42)
4(42 282 283 41)
4(41 283 284 40)
4(40 284 285 39)
4(39 285 286 38)
4(38 286 287 37)
4(37 287 288 36)
4(36 288 289 35)
4(35 289 290 34)
4(34 290 291 33)
4(33 291 292 32)
4(32 292 293 31)
4(31 293 294 30)
4(30 294 295 29)
4(29 295 51 2)
4(28 27 296 282)
4(282 296 297 283)
4(283 297 298 284)
4(284 298 299 285)
4(285 299 300 286)
4(286 300 301 287)
4(287 301 302 288)
4(288 302 303 289)
4(289 303 304 290)
4(290 304 305 291)
4(291 305 306 292)
4(292 306 307 293)
4(293 307 308 294)
4(294 308 309 295)
4(295 309 50 51)
4(27 26 310 296)
4(296 310 311 297)
4(297 311 312 298)
4(298 312 313 299)
4(299 313 314 300)
4(300 314 315 301)
4(301 315 316 302)
4(302 316 317 303)
4(303 317 318 304)
4(304 318 319 305)
4(305 319 320 306)
4(306 320 321 307)
4(307 321 322 308)
4(308 322 323 309)
4(309 323 49 50)
4(26 25 324 310)
4(310 324 325 311)
4(311 325 326 312)
4(312 326 327 313)
4(313 327 328 314)
4(314 328 329 315)
4(315 329 330 316)
4(316 330 331 317)
4(317 331 332 318)
4(318 332 333 319)
4(319 333 334 320)
4(320 334 335 321)
4(321 335 336 322)
4(322 336 337 323)
4(323 337 48 49)
4(25 24 338 324)
4(324 338 339 325)
4(325 339 340 326)
4(326 340 341 327)
4(327 341 342 328)
4(328 342 343 329)
4(329 343 344 330)
4(330 344 345 331)
4(331 345 346 332)
4(332 346 347 333)
4(333 347 348 334)
4(334 348 349 335)
4(335 349 350 336)
4(336 350 351 337)
4(337 351 47 48)
4(24 23 352 338)
4(338 352 353 339)
4(339 353 354 340)
4(340 354 355 341)
4(341 355 356 342)
4(342 356 357 343)
4(343 357 358 344)
4(344 358 359 345)
4(345 359 360 346)
4(346 360 361 347)
4(347 361 362 348)
4(348 362 363 349)
4(349 363 364 350)
4(350 364 365 351)
4(351 365 46 47)
4(23 22 366 352)
4(352 366 367 353)
4(353 367 368 354)
4(354 368 369 355)
4(355 369 370 356)
4(356 370 371 357)
4(357 371 372 358)
4(358 372 373 359)
4(359 373 374 360)
4(360 374 375 361)
4(361 375 376 362)
4(362 376 377 363)
4(363 377 378 364)
4(364 378 379 365)
4(365 379 45 46)
4(22 21 380 366)
4(366 380 381 367)
4(367 381 382 368)
4(368 382 383 369)
4(369 383 384 370)
4(370 384 385 371)
4(371 385 386 372)
4(372 386 387 373)
4(373 387 388 374)
4(374 388 389 375)
4(375 389 390 376)
4(376 390 391 377)
4(377 391 392 378)
4(378 392 393 379)
4(379 393 44 45)
4(21 20 394 380)
4(380 394 395 381)
4(381 395 396 382)
4(382 396 397 383)
4(383 397 398 384)
4(384 398 399 385)
4(385 399 400 386)
4(386 400 401 387)
4(387 401 402 388)
4(388 402 403 389)
4(389 403 404 390)
4(390 404 405 391)
4(391 405 406 392)
4(392 406 407 393)
4(393 407 43 44)
4(20 0 52 394)
4(394 52 53 395)
4(395 53 54 396)
4(396 54 55 397)
4(397 55 56 398)
4(398 56 57 399)
4(399 57 58 400)
4(400 58 59 401)
4(401 59 60 402)
4(402 60 61 403)
4(403 61 62 404)
4(404 62 63 405)
4(405 63 64 406)
4(406 64 65 407)
4(407 65 3 43)
3(10 183 197)
4(183 182 557 197)
3(182 181 557)
3(181 180 557)
4(180 179 556 557)
3(179 178 556)
3(178 177 556)
3(177 176 556)
4(176 175 555 556)
3(175 174 555)
3(174 173 555)
4(173 172 554 555)
3(172 171 554)
3(171 170 554)
4(170 169 553 554)
3(169 168 553)
3(168 167 553)
4(167 166 552 553)
3(166 165 552)
3(165 164 552)
3(164 163 552)
4(163 162 551 552)
3(162 161 551)
3(161 160 551)
4(160 9 550 551)
3(9 159 550)
3(159 158 550)
4(158 157 549 550)
3(157 156 549)
4(156 155 548 549)
3(155 154 548)
3(154 153 548)
4(153 152 547 548)
3(152 151 547)
4(151 150 546 547)
3(150 149 546)
3(149 148 546)
4(148 147 545 546)
3(147 146 545)
3(146 145 545)
4(145 144 544 545)
3(144 143 544)
4(143 142 543 544)
3(142 141 543)
3(141 140 543)
4(140 139 542 543)
3(139 138 542)
4(138 137 541 542)
3(137 136 541)
3(136 8 541)
4(8 135 540 541)
3(135 134 540)
3(134 133 540)
4(133 132 539 540)
3(132 131 539)
3(131 130 539)
3(130 129 539)
4(129 128 538 539)
3(128 127 538)
3(127 126 538)
4(126 125 537 538)
3(125 124 537)
3(124 123 537)
4(123 122 536 537)
3(122 121 536)
3(121 120 536)
4(120 119 535 536)
3(119 118 535)
3(118 117 535)
3(117 116 535)
4(116 115 534 535)
3(115 114 534)
3(114 113 534)
4(113 112 42 534)
3(112 1 42)
4(2 198 558 29)
4(29 558 559 30)
4(30 559 560 31)
4(31 560 561 32)
4(32 561 562 33)
4(33 562 563 34)
4(34 563 564 35)
4(35 564 565 36)
4(36 565 566 37)
4(37 566 567 38)
4(38 567 568 39)
4(39 568 569 40)
4(40 569 570 41)
4(41 570 534 42)
4(198 199 571 558)
4(558 571 572 559)
4(559 572 573 560)
4(560 573 574 561)
4(561 574 575 562)
4(562 575 576 563)
4(563 576 577 564)
4(564 577 578 565)
4(565 578 579 566)
4(566 579 580 567)
4(567 580 581 568)
4(568 581 582 569)
4(569 582 583 570)
4(570 583 535 534)
4(199 200 584 571)
4(571 584 585 572)
4(572 585 586 573)
4(573 586 587 574)
4(574 587 588 575)
4(575 588 589 576)
4(576 589 590 577)
4(577 590 591 578)
4(578 591 592 579)
4(579 592 593 580)
4(580 593 594 581)
4(581 594 595 582)
4(582 595 596 583)
4(583 596 536 535)
4(200 201 597 584)
4(584 597 598 585)
4(585 598 599 586)
4(586 599 600 587)
4(587 600 601 588)
4(588 601 602 589)
4(589 602 603 590)
4(590 603 604 591)
4(591 604 605 592)
4(592 605 606 593)
4(593 606 607 594)
4(594 607 608 595)
4(595 608 609 596)
4(596 609 537 536)
4(201 202 610 597)
4(597 610 611 598)
4(598 611 612 599)
4(599 612 613 600)
4(600 613 614 601)
4(601 614 615 602)
4(602 615 616 603)
4(603 616 617 604)
4(604 617 618 605)
4(605 618 619 606)
4(606 619 620 607)
4(607 620 621 608)
4(608 621 622 609)
4(609 622 538 537)
4(202 203 623 610)
4(610 623 624 611)
4(611 624 625 612)
4(612 625 626 613)
4(613 626 627 614)
4(614 627 628 615)
4(615 628 629 616)
4(616 629 630 617)
4(617 630 631 618)
4(618 631 632 619)
4(619 632 633 620)
4(620 633 634 621)
4(621 634 635 622)
4(622 635 539 538)
4(203 204 636 623)
4(623 636 637 624)
4(624 637 638 625)
4(625 638 639 626)
4(626 639 640 627)
4(627 640 641 628)
4(628 641 642 629)
4(629 642 643 630)
4(630 643 644 631)
4(631 644 645 632)
4(632 645 646 633)
4(633 646 647 634)
4(634 647 648 635)
4(635 648 540 539)
4(204 205 649 636)
4(636 649 650 637)
4(637 650 651 638)
4(638 651 652 639)
4(639 652 653 640)
4(640 653 654 641)
4(641 654 655 642)
4(642 655 656 643)
4(643 656 657 644)
4(644 657 658 645)
4(645 658 659 646)
4(646 659 660 647)
4(647 660 661 648)
4(648 661 541 540)
4(205 206 662 649)
4(649 662 663 650)
4(650 663 664 651)
4(651 664 665 652)
4(652 665 666 653)
4(653 666 667 654)
4(654 667 668 655)
4(655 668 669 656)
4(656 669 670 657)
4(657 670 671 658)
4(658 671 672 659)
4(659 672 673 660)
4(660 673 674 661)
4(661 674 542 541)
4(206 207 675 662)
4(662 675 676 663)
4(663 676 677 664)
4(664 677 678 665)
4(665 678 679 666)
4(666 679 680 667)
4(667 680 681 668)
4(668 681 682 669)
4(669 682 683 670)
4(670 683 684 671)
4(671 684 685 672)
4(672 685 686 673)
4(673 686 687 674)
4(674 687 543 542)
4(207 208 688 675)
4(675 688 689 676)
4(676 689 690 677)
4(677 690 691 678)
4(678 691 692 679)
4(679 692 693 680)
4(680 693 694 681)
4(681 694 695 682)
4(682 695 696 683)
4(683 696 697 684)
4(684 697 698 685)
4(685 698 699 686)
4(686 699 700 687)
4(687 700 544 543)
4(208 209 701 688)
4(688 701 702 689)
4(689 702 703 690)
4(690 703 704 691)
4(691 704 705 692)
4(692 705 706 693)
4(693 706 707 694)
4(694 707 708 695)
4(695 708 709 696)
4(696 709 710 697)
4(697 710 711 698)
4(698 711 712 699)
4(699 712 713 700)
4(700 713 545 544)
4(209 210 714 701)
4(701 714 715 702)
4(702 715 716 703)
4(703 716 717 704)
4(704 717 718 705)
4(705 718 719 706)
4(706 719 720 707)
4(707 720 721 708)
4(708 721 722 709)
4(709 722 723 710)
4(710 723 724 711)
4(711 724 725 712)
4(712 725 726 713)
4(713 726 546 545)
4(210 211 727 714)
4(714 727 728 715)
4(715 728 729 716)
4(716 729 730 717)
4(717 730 731 718)
4(718 731 732 719)
4(719 732 733 720)
4(720 733 734 721)
4(721 734 735 722)
4(722 735 736 723)
4(723 736 737 724)
4(724 737 738 725)
4(725 738 739 726)
4(726 739 547 546)
4(211 212 740 727)
4(727 740 741 728)
4(728 741 742 729)
4(729 742 743 730)
4(730 743 744 731)
4(731 744 745 732)
4(732 745 746 733)
4(733 746 747 734)
4(734 747 748 735)
4(735 748 749 736)
4(736 749 750 737)
4(737 750 751 738)
4(738 751 752 739)
4(739 752 548 547)
4(212 213 753 740)
4(740 753 754 741)
4(741 754 755 742)
4(742 755 756 743)
4(743 756 757 744)
4(744 757 758 745)
4(745 758 759 746)
4(746 759 760 747)
4(747 760 761 748)
4(748 761 762 749)
4(749 762 763 750)
4(750 763 764 751)
4(751 764 765 752)
4(752 765 549 548)
4(213 214 766 753)
4(753 766 767 754)
4(754 767 768 755)
4(755 768 769 756)
4(756 769 770 757)
4(757 770 771 758)
4(758 771 772 759)
4(759 772 773 760)
4(760 773 774 761)
4(761 774 775 762)
4(762 775 776 763)
4(763 776 777 764)
4(764 777 778 765)
4(765 778 550 549)
4(214 215 779 766)
4(766 779 780 767)
4(767 780 781 768)
4(768 781 782 769)
4(769 782 783 770)
4(770 783 784 771)
4(771 784 785 772)
4(772 785 786 773)
4(773 786 787 774)
4(774 787 788 775)
4(775 788 789 776)
4(776 789 790 777)
4(777 790 791 778)
4(778 791 551 550)
4(215 216 792 779)
4(779 792 793 780)
4(780 793 794 781)
4(781 794 795 782)
4(782 795 796 783)
4(783 796 797 784)
4(784 797 798 785)
4(785 798 799 786)
4(786 799 800 787)
4(787 800 801 788)
4(788 801 802 789)
4(789 802 803 790)
4(790 803 804 791)
4(791 804 552 551)
4(216 217 805 792)
4(792 805 806 793)
4(793 806 807 794)
4(794 807 808 795)
4(795 808 809 796)
4(796 809 810 797)
4(797 810 811 798)
4(798 811 812 799)
4(799 812 813 800)
4(800 813 814 801)
4(801 814 815 802)
4(802 815 816 803)
4(803 816 817 804)
4(804 817 553 552)
4(217 218 818 805)
4(805 818 819 806)
4(806 819 820 807)
4(807 820 821 808)
4(808 821 822 809)
4(809 822 823 810)
4(810 823 824 811)
4(811 824 825 812)
4(812 825 826 813)
4(813 826 827 814)
4(814 827 828 815)
4(815 828 829 816)
4(816 829 830 817)
4(817 830 554 553)
4(218 219 831 818)
4(818 831 832 819)
4(819 832 833 820)
4(820 833 834 821)
4(821 834 835 822)
4(822 835 836 823)
4(823 836 837 824)
4(824 837 838 825)
4(825 838 839 826)
4(826 839 840 827)
4(827 840 841 828)
4(828 841 842 829)
4(829 842 843 830)
4(830 843 555 554)
4(219 220 844 831)
4(831 844 845 832)
4(832 845 846 833)
4(833 846 847 834)
4(834 847 848 835)
4(835 848 849 836)
4(836 849 850 837)
4(837 850 851 838)
4(838 851 852 839)
4(839 852 853 840)
4(840 853 854 841)
4(841 854 855 842)
4(842 855 856 843)
4(843 856 556 555)
4(220 221 857 844)
4(844 857 858 845)
4(845 858 859 846)
4(846 859 860 847)
4(847 860 861 848)
4(848 861 862 849)
4(849 862 863 850)
4(850 863 864 851)
4(851 864 865 852)
4(852 865 866 853)
4(853 866 867 854)
4(854 867 868 855)
4(855 868 869 856)
4(856 869 557 556)
4(221 11 184 857)
4(857 184 185 858)
4(858 185 186 859)
4(859 186 187 860)
4(860 187 188 861)
4(861 188 189 862)
4(862 189 190 863)
4(863 190 191 864)
4(864 191 192 865)
4(865 192 193 866)
4(866 193 194 867)
4(867 194 195 868)
4(868 195 196 869)
4(869 196 197 557)
4(14 1428 1446 235)
4(1428 1429 1447 1446)
4(1429 1430 1448 1447)
4(1430 1431 1449 1448)
4(1431 1432 1450 1449)
4(1432 1433 1451 1450)
4(1433 1434 1452 1451)
4(1434 1435 1453 1452)
4(1435 1436 1454 1453)
4(1436 18 281 1454)
4(235 1446 1455 234)
4(1446 1447 1456 1455)
4(1447 1448 1457 1456)
4(1448 1449 1458 1457)
4(1449 1450 1459 1458)
4(1450 1451 1460 1459)
4(1451 1452 1461 1460)
4(1452 1453 1462 1461)
4(1453 1454 1463 1462)
4(1454 281 280 1463)
4(234 1455 1464 233)
4(1455 1456 1465 1464)
4(1456 1457 1466 1465)
4(1457 1458 1467 1466)
4(1458 1459 1468 1467)
4(1459 1460 1469 1468)
4(1460 1461 1470 1469)
4(1461 1462 1471 1470)
4(1462 1463 1472 1471)
4(1463 280 279 1472)
4(233 1464 1473 232)
4(1464 1465 1474 1473)
4(1465 1466 1475 1474)
4(1466 1467 1476 1475)
4(1467 1468 1477 1476)
4(1468 1469 1478 1477)
4(1469 1470 1479 1478)
4(1470 1471 1480 1479)
4(1471 1472 1481 1480)
4(1472 279 278 1481)
4(232 1473 1482 231)
4(1473 1474 1483 1482)
4(1474 1475 1484 1483)
4(1475 1476 1485 1484)
4(1476 1477 1486 1485)
4(1477 1478 1487 1486)
4(1478 1479 1488 1487)
4(1479 1480 1489 1488)
4(1480 1481 1490 1489)
4(1481 278 277 1490)
4(231 1482 1491 230)
4(1482 1483 1492 1491)
4(1483 1484 1493 1492)
4(1484 1485 1494 1493)
4(1485 1486 1495 1494)
4(1486 1487 1496 1495)
4(1487 1488 1497 1496)
4(1488 1489 1498 1497)
4(1489 1490 1499 1498)
4(1490 277 276 1499)
4(230 1491 1500 229)
4(1491 1492 1501 1500)
4(1492 1493 1502 1501)
4(1493 1494 1503 1502)
4(1494 1495 1504 1503)
4(1495 1496 1505 1504)
4(1496 1497 1506 1505)
4(1497 1498 1507 1506)
4(1498 1499 1508 1507)
4(1499 276 275 1508)
4(229 1500 1509 228)
4(1500 1501 1510 1509)
4(1501 1502 1511 1510)
4(1502 1503 1512 1511)
4(1503 1504 1513 1512)
4(1504 1505 1514 1513)
4(1505 1506 1515 1514)
4(1506 1507 1516 1515)
4(1507 1508 1517 1516)
4(1508 275 274 1517)
4(228 1509 1518 227)
4(1509 1510 1519 1518)
4(1510 1511 1520 1519)
4(1511 1512 1521 1520)
4(1512 1513 1522 1521)
4(1513 1514 1523 1522)
4(1514 1515 1524 1523)
4(1515 1516 1525 1524)
4(1516 1517 1526 1525)
4(1517 274 273 1526)
4(227 1518 1527 226)
4(1518 1519 1528 1527)
4(1519 1520 1529 1528)
4(1520 1521 1530 1529)
4(1521 1522 1531 1530)
4(1522 1523 1532 1531)
4(1523 1524 1533 1532)
4(1524 1525 1534 1533)
4(1525 1526 1535 1534)
4(1526 273 272 1535)
4(226 1527 1536 225)
4(1527 1528 1537 1536)
4(1528 1529 1538 1537)
4(1529 1530 1539 1538)
4(1530 1531 1540 1539)
4(1531 1532 1541 1540)
4(1532 1533 1542 1541)
4(1533 1534 1543 1542)
4(1534 1535 1544 1543)
4(1535 272 271 1544)
4(225 1536 1545 224)
4(1536 1537 1546 1545)
4(1537 1538 1547 1546)
4(1538 1539 1548 1547)
4(1539 1540 1549 1548)
4(1540 1541 1550 1549)
4(1541 1542 1551 1550)
4(1542 1543 1552 1551)
4(1543 1544 1553 1552)
4(1544 271 270 1553)
4(224 1545 1554 223)
4(1545 1546 1555 1554)
4(1546 1547 1556 1555)
4(1547 1548 1557 1556)
4(1548 1549 1558 1557)
4(1549 1550 1559 1558)
4(1550 1551 1560 1559)
4(1551 1552 1561 1560)
4(1552 1553 1562 1561)
4(1553 270 269 1562)
4(223 1554 1563 222)
4(1554 1555 1564 1563)
4(1555 1556 1565 1564)
4(1556 1557 1566 1565)
4(1557 1558 1567 1566)
4(1558 1559 1568 1567)
4(1559 1560 1569 1568)
4(1560 1561 1570 1569)
4(1561 1562 1571 1570)
4(1562 269 268 1571)
4(222 1563 1437 15)
4(1563 1564 1438 1437)
4(1564 1565 1439 1438)
4(1565 1566 1440 1439)
4(1566 1567 1441 1440)
4(1567 1568 1442 1441)
4(1568 1569 1443 1442)
4(1569 1570 1444 1443)
4(1570 1571 1445 1444)
4(1571 268 19 1445)
4(4 88 1302 66)
4(88 87 1303 1302)
4(87 86 1304 1303)
4(86 85 1305 1304)
4(85 84 1306 1305)
4(84 83 1307 1306)
4(83 82 1308 1307)
4(82 81 1309 1308)
4(81 80 1310 1309)
4(80 79 1311 1310)
4(79 78 1312 1311)
4(78 77 1313 1312)
4(77 76 1314 1313)
4(76 75 1315 1314)
4(75 6 97 1315)
4(66 1302 1316 67)
4(1302 1303 1317 1316)
4(1303 1304 1318 1317)
4(1304 1305 1319 1318)
4(1305 1306 1320 1319)
4(1306 1307 1321 1320)
4(1307 1308 1322 1321)
4(1308 1309 1323 1322)
4(1309 1310 1324 1323)
4(1310 1311 1325 1324)
4(1311 1312 1326 1325)
4(1312 1313 1327 1326)
4(1313 1314 1328 1327)
4(1314 1315 1329 1328)
4(1315 97 96 1329)
4(67 1316 1330 68)
4(1316 1317 1331 1330)
4(1317 1318 1332 1331)
4(1318 1319 1333 1332)
4(1319 1320 1334 1333)
4(1320 1321 1335 1334)
4(1321 1322 1336 1335)
4(1322 1323 1337 1336)
4(1323 1324 1338 1337)
4(1324 1325 1339 1338)
4(1325 1326 1340 1339)
4(1326 1327 1341 1340)
4(1327 1328 1342 1341)
4(1328 1329 1343 1342)
4(1329 96 95 1343)
4(68 1330 1344 69)
4(1330 1331 1345 1344)
4(1331 1332 1346 1345)
4(1332 1333 1347 1346)
4(1333 1334 1348 1347)
4(1334 1335 1349 1348)
4(1335 1336 1350 1349)
4(1336 1337 1351 1350)
4(1337 1338 1352 1351)
4(1338 1339 1353 1352)
4(1339 1340 1354 1353)
4(1340 1341 1355 1354)
4(1341 1342 1356 1355)
4(1342 1343 1357 1356)
4(1343 95 94 1357)
4(69 1344 1358 70)
4(1344 1345 1359 1358)
4(1345 1346 1360 1359)
4(1346 1347 1361 1360)
4(1347 1348 1362 1361)
4(1348 1349 1363 1362)
4(1349 1350 1364 1363)
4(1350 1351 1365 1364)
4(1351 1352 1366 1365)
4(1352 1353 1367 1366)
4(1353 1354 1368 1367)
4(1354 1355 1369 1368)
4(1355 1356 1370 1369)
4(1356 1357 1371 1370)
4(1357 94 93 1371)
4(70 1358 1372 71)
4(1358 1359 1373 1372)
4(1359 1360 1374 1373)
4(1360 1361 1375 1374)
4(1361 1362 1376 1375)
4(1362 1363 1377 1376)
4(1363 1364 1378 1377)
4(1364 1365 1379 1378)
4(1365 1366 1380 1379)
4(1366 1367 1381 1380)
4(1367 1368 1382 1381)
4(1368 1369 1383 1382)
4(1369 1370 1384 1383)
4(1370 1371 1385 1384)
4(1371 93 92 1385)
4(71 1372 1386 72)
4(1372 1373 1387 1386)
4(1373 1374 1388 1387)
4(1374 1375 1389 1388)
4(1375 1376 1390 1389)
4(1376 1377 1391 1390)
4(1377 1378 1392 1391)
4(1378 1379 1393 1392)
4(1379 1380 1394 1393)
4(1380 1381 1395 1394)
4(1381 1382 1396 1395)
4(1382 1383 1397 1396)
4(1383 1384 1398 1397)
4(1384 1385 1399 1398)
4(1385 92 91 1399)
4(72 1386 1400 73)
4(1386 1387 1401 1400)
4(1387 1388 1402 1401)
4(1388 1389 1403 1402)
4(1389 1390 1404 1403)
4(1390 1391 1405 1404)
4(1391 1392 1406 1405)
4(1392 1393 1407 1406)
4(1393 1394 1408 1407)
4(1394 1395 1409 1408)
4(1395 1396 1410 1409)
4(1396 1397 1411 1410)
4(1397 1398 1412 1411)
4(1398 1399 1413 1412)
4(1399 91 90 1413)
4(73 1400 1414 74)
4(1400 1401 1415 1414)
4(1401 1402 1416 1415)
4(1402 1403 1417 1416)
4(1403 1404 1418 1417)
4(1404 1405 1419 1418)
4(1405 1406 1420 1419)
4(1406 1407 1421 1420)
4(1407 1408 1422 1421)
4(1408 1409 1423 1422)
4(1409 1410 1424 1423)
4(1410 1411 1425 1424)
4(1411 1412 1426 1425)
4(1412 1413 1427 1426)
4(1413 90 89 1427)
4(74 1414 98 5)
4(1414 1415 99 98)
4(1415 1416 100 99)
4(1416 1417 101 100)
4(1417 1418 102 101)
4(1418 1419 103 102)
4(1419 1420 104 103)
4(1420 1421 105 104)
4(1421 1422 106 105)
4(1422 1423 107 106)
4(1423 1424 108 107)
4(1424 1425 109 108)
4(1425 1426 110 109)
4(1426 1427 111 110)
4(1427 89 7 111)
3(14 235 941)
4(941 235 966 940)
3(940 966 939)
3(939 966 938)
4(938 966 967 937)
3(937 967 936)
3(936 967 935)
3(935 967 934)
4(934 967 968 933)
3(933 968 932)
3(932 968 931)
4(931 968 969 930)
3(930 969 929)
3(929 969 928)
4(928 969 970 927)
3(927 970 926)
3(926 970 925)
4(925 970 971 924)
3(924 971 923)
3(923 971 922)
3(922 971 921)
4(921 971 972 920)
3(920 972 919)
3(919 972 918)
4(918 972 973 13)
3(13 973 917)
3(917 973 916)
4(916 973 974 915)
3(915 974 914)
4(914 974 975 913)
3(913 975 912)
3(912 975 911)
4(911 975 976 910)
3(910 976 909)
4(909 976 977 908)
3(908 977 907)
3(907 977 906)
4(906 977 978 905)
3(905 978 904)
3(904 978 903)
4(903 978 979 902)
3(902 979 901)
4(901 979 980 900)
3(900 980 899)
3(899 980 898)
4(898 980 981 897)
3(897 981 896)
4(896 981 982 895)
3(895 982 894)
3(894 982 12)
4(12 982 983 870)
3(870 983 871)
3(871 983 872)
4(872 983 984 873)
3(873 984 874)
3(874 984 875)
3(875 984 876)
4(876 984 985 877)
3(877 985 878)
3(878 985 879)
4(879 985 986 880)
3(880 986 881)
3(881 986 882)
4(882 986 987 883)
3(883 987 884)
3(884 987 885)
4(885 987 988 886)
3(886 988 887)
3(887 988 888)
3(888 988 889)
4(889 988 989 890)
3(890 989 891)
3(891 989 892)
4(892 989 88 893)
3(893 88 4)
4(6 75 990 942)
4(75 76 991 990)
4(76 77 992 991)
4(77 78 993 992)
4(78 79 994 993)
4(79 80 995 994)
4(80 81 996 995)
4(81 82 997 996)
4(82 83 998 997)
4(83 84 999 998)
4(84 85 1000 999)
4(85 86 1001 1000)
4(86 87 1002 1001)
4(87 88 989 1002)
4(942 990 1003 943)
4(990 991 1004 1003)
4(991 992 1005 1004)
4(992 993 1006 1005)
4(993 994 1007 1006)
4(994 995 1008 1007)
4(995 996 1009 1008)
4(996 997 1010 1009)
4(997 998 1011 1010)
4(998 999 1012 1011)
4(999 1000 1013 1012)
4(1000 1001 1014 1013)
4(1001 1002 1015 1014)
4(1002 989 988 1015)
4(943 1003 1016 944)
4(1003 1004 1017 1016)
4(1004 1005 1018 1017)
4(1005 1006 1019 1018)
4(1006 1007 1020 1019)
4(1007 1008 1021 1020)
4(1008 1009 1022 1021)
4(1009 1010 1023 1022)
4(1010 1011 1024 1023)
4(1011 1012 1025 1024)
4(1012 1013 1026 1025)
4(1013 1014 1027 1026)
4(1014 1015 1028 1027)
4(1015 988 987 1028)
4(944 1016 1029 945)
4(1016 1017 1030 1029)
4(1017 1018 1031 1030)
4(1018 1019 1032 1031)
4(1019 1020 1033 1032)
4(1020 1021 1034 1033)
4(1021 1022 1035 1034)
4(1022 1023 1036 1035)
4(1023 1024 1037 1036)
4(1024 1025 1038 1037)
4(1025 1026 1039 1038)
4(1026 1027 1040 1039)
4(1027 1028 1041 1040)
4(1028 987 986 1041)
4(945 1029 1042 946)
4(1029 1030 1043 1042)
4(1030 1031 1044 1043)
4(1031 1032 1045 1044)
4(1032 1033 1046 1045)
4(1033 1034 1047 1046)
4(1034 1035 1048 1047)
4(1035 1036 1049 1048)
4(1036 1037 1050 1049)
4(1037 1038 1051 1050)
4(1038 1039 1052 1051)
4(1039 1040 1053 1052)
4(1040 1041 1054 1053)
4(1041 986 985 1054)
4(946 1042 1055 947)
4(1042 1043 1056 1055)
4(1043 1044 1057 1056)
4(1044 1045 1058 1057)
4(1045 1046 1059 1058)
4(1046 1047 1060 1059)
4(1047 1048 1061 1060)
4(1048 1049 1062 1061)
4(1049 1050 1063 1062)
4(1050 1051 1064 1063)
4(1051 1052 1065 1064)
4(1052 1053 1066 1065)
4(1053 1054 1067 1066)
4(1054 985 984 1067)
4(947 1055 1068 948)
4(1055 1056 1069 1068)
4(1056 1057 1070 1069)
4(1057 1058 1071 1070)
4(1058 1059 1072 1071)
4(1059 1060 1073 1072)
4(1060 1061 1074 1073)
4(1061 1062 1075 1074)
4(1062 1063 1076 1075)
4(1063 1064 1077 1076)
4(1064 1065 1078 1077)
4(1065 1066 1079 1078)
4(1066 1067 1080 1079)
4(1067 984 983 1080)
4(948 1068 1081 949)
4(1068 1069 1082 1081)
4(1069 1070 1083 1082)
4(1070 1071 1084 1083)
4(1071 1072 1085 1084)
4(1072 1073 1086 1085)
4(1073 1074 1087 1086)
4(1074 1075 1088 1087)
4(1075 1076 1089 1088)
4(1076 1077 1090 1089)
4(1077 1078 1091 1090)
4(1078 1079 1092 1091)
4(1079 1080 1093 1092)
4(1080 983 982 1093)
4(949 1081 1094 950)
4(1081 1082 1095 1094)
4(1082 1083 1096 1095)
4(1083 1084 1097 1096)
4(1084 1085 1098 1097)
4(1085 1086 1099 1098)
4(1086 1087 1100 1099)
4(1087 1088 1101 1100)
4(1088 1089 1102 1101)
4(1089 1090 1103 1102)
4(1090 1091 1104 1103)
4(1091 1092 1105 1104)
4(1092 1093 1106 1105)
4(1093 982 981 1106)
4(950 1094 1107 951)
4(1094 1095 1108 1107)
4(1095 1096 1109 1108)
4(1096 1097 1110 1109)
4(1097 1098 1111 1110)
4(1098 1099 1112 1111)
4(1099 1100 1113 1112)
4(1100 1101 1114 1113)
4(1101 1102 1115 1114)
4(1102 1103 1116 1115)
4(1103 1104 1117 1116)
4(1104 1105 1118 1117)
4(1105 1106 1119 1118)
4(1106 981 980 1119)
4(951 1107 1120 952)
4(1107 1108 1121 1120)
4(1108 1109 1122 1121)
4(1109 1110 1123 1122)
4(1110 1111 1124 1123)
4(1111 1112 1125 1124)
4(1112 1113 1126 1125)
4(1113 1114 1127 1126)
4(1114 1115 1128 1127)
4(1115 1116 1129 1128)
4(1116 1117 1130 1129)
4(1117 1118 1131 1130)
4(1118 1119 1132 1131)
4(1119 980 979 1132)
4(952 1120 1133 953)
4(1120 1121 1134 1133)
4(1121 1122 1135 1134)
4(1122 1123 1136 1135)
4(1123 1124 1137 1136)
4(1124 1125 1138 1137)
4(1125 1126 1139 1138)
4(1126 1127 1140 1139)
4(1127 1128 1141 1140)
4(1128 1129 1142 1141)
4(1129 1130 1143 1142)
4(1130 1131 1144 1143)
4(1131 1132 1145 1144)
4(1132 979 978 1145)
4(953 1133 1146 954)
4(1133 1134 1147 1146)
4(1134 1135 1148 1147)
4(1135 1136 1149 1148)
4(1136 1137 1150 1149)
4(1137 1138 1151 1150)
4(1138 1139 1152 1151)
4(1139 1140 1153 1152)
4(1140 1141 1154 1153)
4(1141 1142 1155 1154)
4(1142 1143 1156 1155)
4(1143 1144 1157 1156)
4(1144 1145 1158 1157)
4(1145 978 977 1158)
4(954 1146 1159 955)
4(1146 1147 1160 1159)
4(1147 1148 1161 1160)
4(1148 1149 1162 1161)
4(1149 1150 1163 1162)
4(1150 1151 1164 1163)
4(1151 1152 1165 1164)
4(1152 1153 1166 1165)
4(1153 1154 1167 1166)
4(1154 1155 1168 1167)
4(1155 1156 1169 1168)
4(1156 1157 1170 1169)
4(1157 1158 1171 1170)
4(1158 977 976 1171)
4(955 1159 1172 956)
4(1159 1160 1173 1172)
4(1160 1161 1174 1173)
4(1161 1162 1175 1174)
4(1162 1163 1176 1175)
4(1163 1164 1177 1176)
4(1164 1165 1178 1177)
4(1165 1166 1179 1178)
4(1166 1167 1180 1179)
4(1167 1168 1181 1180)
4(1168 1169 1182 1181)
4(1169 1170 1183 1182)
4(1170 1171 1184 1183)
4(1171 976 975 1184)
4(956 1172 1185 957)
4(1172 1173 1186 1185)
4(1173 1174 1187 1186)
4(1174 1175 1188 1187)
4(1175 1176 1189 1188)
4(1176 1177 1190 1189)
4(1177 1178 1191 1190)
4(1178 1179 1192 1191)
4(1179 1180 1193 1192)
4(1180 1181 1194 1193)
4(1181 1182 1195 1194)
4(1182 1183 1196 1195)
4(1183 1184 1197 1196)
4(1184 975 974 1197)
4(957 1185 1198 958)
4(1185 1186 1199 1198)
4(1186 1187 1200 1199)
4(1187 1188 1201 1200)
4(1188 1189 1202 1201)
4(1189 1190 1203 1202)
4(1190 1191 1204 1203)
4(1191 1192 1205 1204)
4(1192 1193 1206 1205)
4(1193 1194 1207 1206)
4(1194 1195 1208 1207)
4(1195 1196 1209 1208)
4(1196 1197 1210 1209)
4(1197 974 973 1210)
4(958 1198 1211 959)
4(1198 1199 1212 1211)
4(1199 1200 1213 1212)
4(1200 1201 1214 1213)
4(1201 1202 1215 1214)
4(1202 1203 1216 1215)
4(1203 1204 1217 1216)
4(1204 1205 1218 1217)
4(1205 1206 1219 1218)
4(1206 1207 1220 1219)
4(1207 1208 1221 1220)
4(1208 1209 1222 1221)
4(1209 1210 1223 1222)
4(1210 973 972 1223)
4(959 1211 1224 960)
4(1211 1212 1225 1224)
4(1212 1213 1226 1225)
4(1213 1214 1227 1226)
4(1214 1215 1228 1227)
4(1215 1216 1229 1228)
4(1216 1217 1230 1229)
4(1217 1218 1231 1230)
4(1218 1219 1232 1231)
4(1219 1220 1233 1232)
4(1220 1221 1234 1233)
4(1221 1222 1235 1234)
4(1222 1223 1236 1235)
4(1223 972 971 1236)
4(960 1224 1237 961)
4(1224 1225 1238 1237)
4(1225 1226 1239 1238)
4(1226 1227 1240 1239)
4(1227 1228 1241 1240)
4(1228 1229 1242 1241)
4(1229 1230 1243 1242)
4(1230 1231 1244 1243)
4(1231 1232 1245 1244)
4(1232 1233 1246 1245)
4(1233 1234 1247 1246)
4(1234 1235 1248 1247)
4(1235 1236 1249 1248)
4(1236 971 970 1249)
4(961 1237 1250 962)
4(1237 1238 1251 1250)
4(1238 1239 1252 1251)
4(1239 1240 1253 1252)
4(1240 1241 1254 1253)
4(1241 1242 1255 1254)
4(1242 1243 1256 1255)
4(1243 1244 1257 1256)
4(1244 1245 1258 1257)
4(1245 1246 1259 1258)
4(1246 1247 1260 1259)
4(1247 1248 1261 1260)
4(1248 1249 1262 1261)
4(1249 970 969 1262)
4(962 1250 1263 963)
4(1250 1251 1264 1263)
4(1251 1252 1265 1264)
4(1252 1253 1266 1265)
4(1253 1254 1267 1266)
4(1254 1255 1268 1267)
4(1255 1256 1269 1268)
4(1256 1257 1270 1269)
4(1257 1258 1271 1270)
4(1258 1259 1272 1271)
4(1259 1260 1273 1272)
4(1260 1261 1274 1273)
4(1261 1262 1275 1274)
4(1262 969 968 1275)
4(963 1263 1276 964)
4(1263 1264 1277 1276)
4(1264 1265 1278 1277)
4(1265 1266 1279 1278)
4(1266 1267 1280 1279)
4(1267 1268 1281 1280)
4(1268 1269 1282 1281)
4(1269 1270 1283 1282)
4(1270 1271 1284 1283)
4(1271 1272 1285 1284)
4(1272 1273 1286 1285)
4(1273 1274 1287 1286)
4(1274 1275 1288 1287)
4(1275 968 967 1288)
4(964 1276 1289 965)
4(1276 1277 1290 1289)
4(1277 1278 1291 1290)
4(1278 1279 1292 1291)
4(1279 1280 1293 1292)
4(1280 1281 1294 1293)
4(1281 1282 1295 1294)
4(1282 1283 1296 1295)
4(1283 1284 1297 1296)
4(1284 1285 1298 1297)
4(1285 1286 1299 1298)
4(1286 1287 1300 1299)
4(1287 1288 1301 1300)
4(1288 967 966 1301)
4(965 1289 222 15)
4(1289 1290 223 222)
4(1290 1291 224 223)
4(1291 1292 225 224)
4(1292 1293 226 225)
4(1293 1294 227 226)
4(1294 1295 228 227)
4(1295 1296 229 228)
4(1296 1297 230 229)
4(1297 1298 231 230)
4(1298 1299 232 231)
4(1299 1300 233 232)
4(1300 1301 234 233)
4(1301 966 235 234)
4(2 6 942 198)
4(198 942 943 199)
4(199 943 944 200)
4(200 944 945 201)
4(201 945 946 202)
4(202 946 947 203)
4(203 947 948 204)
4(204 948 949 205)
4(205 949 950 206)
4(206 950 951 207)
4(207 951 952 208)
4(208 952 953 209)
4(209 953 954 210)
4(210 954 955 211)
4(211 955 956 212)
4(212 956 957 213)
4(213 957 958 214)
4(214 958 959 215)
4(215 959 960 216)
4(216 960 961 217)
4(217 961 962 218)
4(218 962 963 219)
4(219 963 964 220)
4(220 964 965 221)
4(221 965 15 11)
4(20 74 5 0)
4(21 73 74 20)
4(22 72 73 21)
4(23 71 72 22)
4(24 70 71 23)
4(25 69 70 24)
4(26 68 69 25)
4(27 67 68 26)
4(28 66 67 27)
4(1 4 66 28)
4(9 13 917 159)
4(159 917 916 158)
4(158 916 915 157)
4(157 915 914 156)
4(156 914 913 155)
4(155 913 912 154)
4(154 912 911 153)
4(153 911 910 152)
4(152 910 909 151)
4(151 909 908 150)
4(150 908 907 149)
4(149 907 906 148)
4(148 906 905 147)
4(147 905 904 146)
4(146 904 903 145)
4(145 903 902 144)
4(144 902 901 143)
4(143 901 900 142)
4(142 900 899 141)
4(141 899 898 140)
4(140 898 897 139)
4(139 897 896 138)
4(138 896 895 137)
4(137 895 894 136)
4(136 894 12 8)
4(10 14 941 183)
4(183 941 940 182)
4(182 940 939 181)
4(181 939 938 180)
4(180 938 937 179)
4(179 937 936 178)
4(178 936 935 177)
4(177 935 934 176)
4(176 934 933 175)
4(175 933 932 174)
4(174 932 931 173)
4(173 931 930 172)
4(172 930 929 171)
4(171 929 928 170)
4(170 928 927 169)
4(169 927 926 168)
4(168 926 925 167)
4(167 925 924 166)
4(166 924 923 165)
4(165 923 922 164)
4(164 922 921 163)
4(163 921 920 162)
4(162 920 919 161)
4(161 919 918 160)
4(160 918 13 9)
4(112 893 4 1)
4(113 892 893 112)
4(114 891 892 113)
4(115 890 891 114)
4(116 889 890 115)
4(117 888 889 116)
4(118 887 888 117)
4(119 886 887 118)
4(120 885 886 119)
4(121 884 885 120)
4(122 883 884 121)
4(123 882 883 122)
4(124 881 882 123)
4(125 880 881 124)
4(126 879 880 125)
4(127 878 879 126)
4(128 877 878 127)
4(129 876 877 128)
4(130 875 876 129)
4(131 874 875 130)
4(132 873 874 131)
4(133 872 873 132)
4(134 871 872 133)
4(135 870 871 134)
4(8 12 870 135)
4(2 51 97 6)
4(51 50 96 97)
4(50 49 95 96)
4(49 48 94 95)
4(48 47 93 94)
4(47 46 92 93)
4(46 45 91 92)
4(45 44 90 91)
4(44 43 89 90)
4(43 3 7 89)
4(244 16 18 1436)
4(243 244 1436 1435)
4(242 243 1435 1434)
4(241 242 1434 1433)
4(240 241 1433 1432)
4(239 240 1432 1431)
4(238 239 1431 1430)
4(237 238 1430 1429)
4(236 237 1429 1428)
4(10 236 1428 14)
4(11 15 1437 259)
4(259 1437 1438 260)
4(260 1438 1439 261)
4(261 1439 1440 262)
4(262 1440 1441 263)
4(263 1441 1442 264)
4(264 1442 1443 265)
4(265 1443 1444 266)
4(266 1444 1445 267)
4(267 1445 19 17)
4(0 5 98 52)
4(52 98 99 53)
4(53 99 100 54)
4(54 100 101 55)
4(55 101 102 56)
4(56 102 103 57)
4(57 103 104 58)
4(58 104 105 59)
4(59 105 106 60)
4(60 106 107 61)
4(61 107 108 62)
4(62 108 109 63)
4(63 109 110 64)
4(64 110 111 65)
4(65 111 7 3)
4(245 17 19 268)
4(246 245 268 269)
4(247 246 269 270)
4(248 247 270 271)
4(249 248 271 272)
4(250 249 272 273)
4(251 250 273 274)
4(252 251 274 275)
4(253 252 275 276)
4(254 253 276 277)
4(255 254 277 278)
4(256 255 278 279)
4(257 256 279 280)
4(258 257 280 281)
4(16 258 281 18)
)


// ************************************************************************* //
