/*--------------------------------*- C++ -*----------------------------------*\
| =========                 |                                                 |
| \\      /  F ield         | OpenFOAM: The Open Source CFD Toolbox           |
|  \\    /   O peration     | Version:  2412                                  |
|   \\  /    A nd           | Website:  www.openfoam.com                      |
|    \\/     M anipulation  |                                                 |
\*---------------------------------------------------------------------------*/
FoamFile
{
    version     2.0;
    format      ascii;
    arch        "LSB;label=32;scalar=64";
    note        "nPoints:1572  nCells:725  nFaces:2960  nInternalFaces:1340";
    class       labelList;
    location    "constant/polyMesh";
    object      neighbour;
}
// * * * * * * * * * * * * * * * * * * * * * * * * * * * * * * * * * * * * * //


1340
(
1
575
2
424
3
4
5
410
6
7
8
9
396
10
11
12
382
13
14
15
368
16
17
18
354
19
20
21
22
340
23
24
25
326
26
27
28
312
29
30
298
31
32
33
284
34
35
270
36
37
38
256
39
40
41
242
42
43
228
44
45
46
214
47
48
200
49
50
51
186
52
53
54
172
55
56
57
58
158
59
60
61
144
62
63
64
130
65
66
67
116
68
69
70
71
102
72
73
74
88
425
76
89
439
77
90
438
78
91
437
79
92
436
80
93
435
81
94
434
82
95
433
83
96
432
84
97
431
85
98
430
86
99
429
87
100
428
88
101
427
102
426
90
103
91
104
92
105
93
106
94
107
95
108
96
109
97
110
98
111
99
112
100
113
101
114
102
115
116
104
117
105
118
106
119
107
120
108
121
109
122
110
123
111
124
112
125
113
126
114
127
115
128
116
129
130
118
131
119
132
120
133
121
134
122
135
123
136
124
137
125
138
126
139
127
140
128
141
129
142
130
143
144
132
145
133
146
134
147
135
148
136
149
137
150
138
151
139
152
140
153
141
154
142
155
143
156
144
157
158
146
159
147
160
148
161
149
162
150
163
151
164
152
165
153
166
154
167
155
168
156
169
157
170
158
171
172
160
173
161
174
162
175
163
176
164
177
165
178
166
179
167
180
168
181
169
182
170
183
171
184
172
185
186
174
187
175
188
176
189
177
190
178
191
179
192
180
193
181
194
182
195
183
196
184
197
185
198
186
199
200
188
201
189
202
190
203
191
204
192
205
193
206
194
207
195
208
196
209
197
210
198
211
199
212
200
213
214
202
215
203
216
204
217
205
218
206
219
207
220
208
221
209
222
210
223
211
224
212
225
213
226
214
227
228
216
229
217
230
218
231
219
232
220
233
221
234
222
235
223
236
224
237
225
238
226
239
227
240
228
241
242
230
243
231
244
232
245
233
246
234
247
235
248
236
249
237
250
238
251
239
252
240
253
241
254
242
255
256
244
257
245
258
246
259
247
260
248
261
249
262
250
263
251
264
252
265
253
266
254
267
255
268
256
269
270
258
271
259
272
260
273
261
274
262
275
263
276
264
277
265
278
266
279
267
280
268
281
269
282
270
283
284
272
285
273
286
274
287
275
288
276
289
277
290
278
291
279
292
280
293
281
294
282
295
283
296
284
297
298
286
299
287
300
288
301
289
302
290
303
291
304
292
305
293
306
294
307
295
308
296
309
297
310
298
311
312
300
313
301
314
302
315
303
316
304
317
305
318
306
319
307
320
308
321
309
322
310
323
311
324
312
325
326
314
327
315
328
316
329
317
330
318
331
319
332
320
333
321
334
322
335
323
336
324
337
325
338
326
339
340
328
341
329
342
330
343
331
344
332
345
333
346
334
347
335
348
336
349
337
350
338
351
339
352
340
353
354
342
355
343
356
344
357
345
358
346
359
347
360
348
361
349
362
350
363
351
364
352
365
353
366
354
367
368
356
369
357
370
358
371
359
372
360
373
361
374
362
375
363
376
364
377
365
378
366
379
367
380
368
381
382
370
383
371
384
372
385
373
386
374
387
375
388
376
389
377
390
378
391
379
392
380
393
381
394
382
395
396
384
397
385
398
386
399
387
400
388
401
389
402
390
403
391
404
392
405
393
406
394
407
395
408
396
409
410
398
411
399
412
400
413
401
414
402
415
403
416
404
417
405
418
406
419
407
420
408
421
409
422
410
423
424
412
715
413
705
414
695
415
685
416
675
417
665
418
655
419
645
420
635
421
625
422
615
423
605
424
595
585
426
440
427
441
428
442
429
443
430
444
431
445
432
446
433
447
434
448
435
449
436
450
437
451
438
452
439
453
454
441
455
442
456
443
457
444
458
445
459
446
460
447
461
448
462
449
463
450
464
451
465
452
466
453
467
454
468
469
456
470
457
471
458
472
459
473
460
474
461
475
462
476
463
477
464
478
465
479
466
480
467
481
468
482
469
483
484
471
485
472
486
473
487
474
488
475
489
476
490
477
491
478
492
479
493
480
494
481
495
482
496
483
497
484
498
499
486
500
487
501
488
502
489
503
490
504
491
505
492
506
493
507
494
508
495
509
496
510
497
511
498
512
499
513
514
501
515
502
516
503
517
504
518
505
519
506
520
507
521
508
522
509
523
510
524
511
525
512
526
513
527
514
528
529
516
530
517
531
518
532
519
533
520
534
521
535
522
536
523
537
524
538
525
539
526
540
527
541
528
542
529
543
544
531
545
532
546
533
547
534
548
535
549
536
550
537
551
538
552
539
553
540
554
541
555
542
556
543
557
544
558
559
546
560
547
561
548
562
549
563
550
564
551
565
552
566
553
567
554
568
555
569
556
570
557
571
558
572
559
573
574
561
562
563
564
565
566
567
568
569
570
571
572
573
574
576
585
577
586
578
587
579
588
580
589
581
590
582
591
583
592
584
593
594
586
595
587
596
588
597
589
598
590
599
591
600
592
601
593
602
594
603
604
596
605
597
606
598
607
599
608
600
609
601
610
602
611
603
612
604
613
614
606
615
607
616
608
617
609
618
610
619
611
620
612
621
613
622
614
623
624
616
625
617
626
618
627
619
628
620
629
621
630
622
631
623
632
624
633
634
626
635
627
636
628
637
629
638
630
639
631
640
632
641
633
642
634
643
644
636
645
637
646
638
647
639
648
640
649
641
650
642
651
643
652
644
653
654
646
655
647
656
648
657
649
658
650
659
651
660
652
661
653
662
654
663
664
656
665
657
666
658
667
659
668
660
669
661
670
662
671
663
672
664
673
674
666
675
667
676
668
677
669
678
670
679
671
680
672
681
673
682
674
683
684
676
685
677
686
678
687
679
688
680
689
681
690
682
691
683
692
684
693
694
686
695
687
696
688
697
689
698
690
699
691
700
692
701
693
702
694
703
704
696
705
697
706
698
707
699
708
700
709
701
710
702
711
703
712
704
713
714
706
715
707
716
708
717
709
718
710
719
711
720
712
721
713
722
714
723
724
716
717
718
719
720
721
722
723
724
)


// ************************************************************************* //
