/*--------------------------------*- C++ -*----------------------------------*\
| =========                 |                                                 |
| \\      /  F ield         | OpenFOAM: The Open Source CFD Toolbox           |
|  \\    /   O peration     | Version:  2412                                  |
|   \\  /    A nd           | Website:  www.openfoam.com                      |
|    \\/     M anipulation  |                                                 |
\*---------------------------------------------------------------------------*/
FoamFile
{
    version     2.0;
    format      ascii;
    arch        "LSB;label=32;scalar=64";
    class       vectorField;
    location    "constant/polyMesh";
    object      points;
}
// * * * * * * * * * * * * * * * * * * * * * * * * * * * * * * * * * * * * * //


1572
(
(0 0 0.001)
(0 0.045 0.001)
(0.02 0.045 0.001)
(0.02 0 0.001)
(0 0.045 0)
(0 0 0)
(0.02 0.045 0)
(0.02 0 0)
(-1.776356839e-18 0.058 0.001)
(0.012 0.07 0.001)
(0.025 0.07 0.001)
(0.025 0.05 0.001)
(-1.776356839e-18 0.058 0)
(0.012 0.07 0)
(0.025 0.07 0)
(0.025 0.05 0)
(0.06 0.07 0.001)
(0.06 0.05 0.001)
(0.06 0.07 0)
(0.06 0.05 0)
(0 0.0045 0.001)
(0 0.009 0.001)
(0 0.0135 0.001)
(0 0.018 0.001)
(0 0.0225 0.001)
(0 0.027 0.001)
(0 0.0315 0.001)
(0 0.036 0.001)
(0 0.0405 0.001)
(0.01866666667 0.045 0.001)
(0.01733333333 0.045 0.001)
(0.016 0.045 0.001)
(0.01466666667 0.045 0.001)
(0.01333333333 0.045 0.001)
(0.012 0.045 0.001)
(0.01066666667 0.045 0.001)
(0.009333333333 0.045 0.001)
(0.008 0.045 0.001)
(0.006666666667 0.045 0.001)
(0.005333333333 0.045 0.001)
(0.004 0.045 0.001)
(0.002666666667 0.045 0.001)
(0.001333333333 0.045 0.001)
(0.02 0.0045 0.001)
(0.02 0.009 0.001)
(0.02 0.0135 0.001)
(0.02 0.018 0.001)
(0.02 0.0225 0.001)
(0.02 0.027 0.001)
(0.02 0.0315 0.001)
(0.02 0.036 0.001)
(0.02 0.0405 0.001)
(0.001333333333 0 0.001)
(0.002666666667 0 0.001)
(0.004 0 0.001)
(0.005333333333 0 0.001)
(0.006666666667 0 0.001)
(0.008 0 0.001)
(0.009333333333 0 0.001)
(0.01066666667 0 0.001)
(0.012 0 0.001)
(0.01333333333 0 0.001)
(0.01466666667 0 0.001)
(0.016 0 0.001)
(0.01733333333 0 0.001)
(0.01866666667 0 0.001)
(0 0.0405 0)
(0 0.036 0)
(0 0.0315 0)
(0 0.027 0)
(0 0.0225 0)
(0 0.018 0)
(0 0.0135 0)
(0 0.009 0)
(0 0.0045 0)
(0.01866666667 0.045 0)
(0.01733333333 0.045 0)
(0.016 0.045 0)
(0.01466666667 0.045 0)
(0.01333333333 0.045 0)
(0.012 0.045 0)
(0.01066666667 0.045 0)
(0.009333333333 0.045 0)
(0.008 0.045 0)
(0.006666666667 0.045 0)
(0.005333333333 0.045 0)
(0.004 0.045 0)
(0.002666666667 0.045 0)
(0.001333333333 0.045 0)
(0.02 0.0045 0)
(0.02 0.009 0)
(0.02 0.0135 0)
(0.02 0.018 0)
(0.02 0.0225 0)
(0.02 0.027 0)
(0.02 0.0315 0)
(0.02 0.036 0)
(0.02 0.0405 0)
(0.001333333333 0 0)
(0.002666666667 0 0)
(0.004 0 0)
(0.005333333333 0 0)
(0.006666666667 0 0)
(0.008 0 0)
(0.009333333333 0 0)
(0.01066666667 0 0)
(0.012 0 0)
(0.01333333333 0 0)
(0.01466666667 0 0)
(0.016 0 0)
(0.01733333333 0 0)
(0.01866666667 0 0)
(0 0.04552 0.001)
(0 0.04604 0.001)
(0 0.04656 0.001)
(0 0.04708 0.001)
(0 0.0476 0.001)
(0 0.04812 0.001)
(0 0.04864 0.001)
(0 0.04916 0.001)
(0 0.04968 0.001)
(0 0.0502 0.001)
(0 0.05072 0.001)
(0 0.05124 0.001)
(0 0.05176 0.001)
(0 0.05228 0.001)
(0 0.0528 0.001)
(0 0.05332 0.001)
(0 0.05384 0.001)
(0 0.05436 0.001)
(0 0.05488 0.001)
(0 0.0554 0.001)
(0 0.05592 0.001)
(0 0.05644 0.001)
(0 0.05696 0.001)
(0 0.05748 0.001)
(2.367925886e-05 0.05875348623 0.001)
(9.462358423e-05 0.0595039988 0.001)
(0.0002125529913 0.06024857578 0.001)
(0.0003770020665 0.06098427865 0.001)
(0.0005873218045 0.06170820393 0.001)
(0.0008426821693 0.06241749463 0.001)
(0.00114207537 0.0631093515 0.001)
(0.001484319839 0.06378104409 0.001)
(0.001868064894 0.06442992154 0.001)
(0.002291796068 0.06505342303 0.001)
(0.002753841087 0.06564908788 0.001)
(0.003252376471 0.06621456527 0.001)
(0.003785434729 0.06674762353 0.001)
(0.004350912123 0.06724615891 0.001)
(0.004946576972 0.06770820393 0.001)
(0.00557007846 0.06813193511 0.001)
(0.006218955911 0.06851568016 0.001)
(0.006890648501 0.06885792463 0.001)
(0.007582505368 0.06915731783 0.001)
(0.008291796068 0.0694126782 0.001)
(0.009015721354 0.06962299793 0.001)
(0.009751424225 0.06978744701 0.001)
(0.0104960012 0.06990537642 0.001)
(0.01124651377 0.06997632074 0.001)
(0.01252 0.07 0.001)
(0.01304 0.07 0.001)
(0.01356 0.07 0.001)
(0.01408 0.07 0.001)
(0.0146 0.07 0.001)
(0.01512 0.07 0.001)
(0.01564 0.07 0.001)
(0.01616 0.07 0.001)
(0.01668 0.07 0.001)
(0.0172 0.07 0.001)
(0.01772 0.07 0.001)
(0.01824 0.07 0.001)
(0.01876 0.07 0.001)
(0.01928 0.07 0.001)
(0.0198 0.07 0.001)
(0.02032 0.07 0.001)
(0.02084 0.07 0.001)
(0.02136 0.07 0.001)
(0.02188 0.07 0.001)
(0.0224 0.07 0.001)
(0.02292 0.07 0.001)
(0.02344 0.07 0.001)
(0.02396 0.07 0.001)
(0.02448 0.07 0.001)
(0.025 0.05133333333 0.001)
(0.025 0.05266666667 0.001)
(0.025 0.054 0.001)
(0.025 0.05533333333 0.001)
(0.025 0.05666666667 0.001)
(0.025 0.058 0.001)
(0.025 0.05933333333 0.001)
(0.025 0.06066666667 0.001)
(0.025 0.062 0.001)
(0.025 0.06333333333 0.001)
(0.025 0.06466666667 0.001)
(0.025 0.066 0.001)
(0.025 0.06733333333 0.001)
(0.025 0.06866666667 0.001)
(0.02000986636 0.0453139526 0.001)
(0.02003942649 0.04562666617 0.001)
(0.02008856375 0.04593690657 0.001)
(0.02015708419 0.04624344944 0.001)
(0.02024471742 0.04654508497 0.001)
(0.02035111757 0.04684062276 0.001)
(0.02047586474 0.04712889646 0.001)
(0.0206184666 0.04740876837 0.001)
(0.02077836037 0.04767913397 0.001)
(0.02095491503 0.04793892626 0.001)
(0.02114743379 0.04818711995 0.001)
(0.02135515686 0.04842273553 0.001)
(0.02157726447 0.04864484314 0.001)
(0.02181288005 0.04885256621 0.001)
(0.02206107374 0.04904508497 0.001)
(0.02232086603 0.04922163963 0.001)
(0.02259123163 0.0493815334 0.001)
(0.02287110354 0.04952413526 0.001)
(0.02315937724 0.04964888243 0.001)
(0.02345491503 0.04975528258 0.001)
(0.02375655056 0.04984291581 0.001)
(0.02406309343 0.04991143625 0.001)
(0.02437333383 0.04996057351 0.001)
(0.0246860474 0.04999013364 0.001)
(0.025 0.05133333333 0)
(0.025 0.05266666667 0)
(0.025 0.054 0)
(0.025 0.05533333333 0)
(0.025 0.05666666667 0)
(0.025 0.058 0)
(0.025 0.05933333333 0)
(0.025 0.06066666667 0)
(0.025 0.062 0)
(0.025 0.06333333333 0)
(0.025 0.06466666667 0)
(0.025 0.066 0)
(0.025 0.06733333333 0)
(0.025 0.06866666667 0)
(0.0285 0.07 0.001)
(0.032 0.07 0.001)
(0.0355 0.07 0.001)
(0.039 0.07 0.001)
(0.0425 0.07 0.001)
(0.046 0.07 0.001)
(0.0495 0.07 0.001)
(0.053 0.07 0.001)
(0.0565 0.07 0.001)
(0.06 0.05133333333 0.001)
(0.06 0.05266666667 0.001)
(0.06 0.054 0.001)
(0.06 0.05533333333 0.001)
(0.06 0.05666666667 0.001)
(0.06 0.058 0.001)
(0.06 0.05933333333 0.001)
(0.06 0.06066666667 0.001)
(0.06 0.062 0.001)
(0.06 0.06333333333 0.001)
(0.06 0.06466666667 0.001)
(0.06 0.066 0.001)
(0.06 0.06733333333 0.001)
(0.06 0.06866666667 0.001)
(0.0285 0.05 0.001)
(0.032 0.05 0.001)
(0.0355 0.05 0.001)
(0.039 0.05 0.001)
(0.0425 0.05 0.001)
(0.046 0.05 0.001)
(0.0495 0.05 0.001)
(0.053 0.05 0.001)
(0.0565 0.05 0.001)
(0.06 0.05133333333 0)
(0.06 0.05266666667 0)
(0.06 0.054 0)
(0.06 0.05533333333 0)
(0.06 0.05666666667 0)
(0.06 0.058 0)
(0.06 0.05933333333 0)
(0.06 0.06066666667 0)
(0.06 0.062 0)
(0.06 0.06333333333 0)
(0.06 0.06466666667 0)
(0.06 0.066 0)
(0.06 0.06733333333 0)
(0.06 0.06866666667 0)
(0.001333333333 0.0405 0.001)
(0.002666666667 0.0405 0.001)
(0.004 0.0405 0.001)
(0.005333333333 0.0405 0.001)
(0.006666666667 0.0405 0.001)
(0.008 0.0405 0.001)
(0.009333333333 0.0405 0.001)
(0.01066666667 0.0405 0.001)
(0.012 0.0405 0.001)
(0.01333333333 0.0405 0.001)
(0.01466666667 0.0405 0.001)
(0.016 0.0405 0.001)
(0.01733333333 0.0405 0.001)
(0.01866666667 0.0405 0.001)
(0.001333333333 0.036 0.001)
(0.002666666667 0.036 0.001)
(0.004 0.036 0.001)
(0.005333333333 0.036 0.001)
(0.006666666667 0.036 0.001)
(0.008 0.036 0.001)
(0.009333333333 0.036 0.001)
(0.01066666667 0.036 0.001)
(0.012 0.036 0.001)
(0.01333333333 0.036 0.001)
(0.01466666667 0.036 0.001)
(0.016 0.036 0.001)
(0.01733333333 0.036 0.001)
(0.01866666667 0.036 0.001)
(0.001333333333 0.0315 0.001)
(0.002666666667 0.0315 0.001)
(0.004 0.0315 0.001)
(0.005333333333 0.0315 0.001)
(0.006666666667 0.0315 0.001)
(0.008 0.0315 0.001)
(0.009333333333 0.0315 0.001)
(0.01066666667 0.0315 0.001)
(0.012 0.0315 0.001)
(0.01333333333 0.0315 0.001)
(0.01466666667 0.0315 0.001)
(0.016 0.0315 0.001)
(0.01733333333 0.0315 0.001)
(0.01866666667 0.0315 0.001)
(0.001333333333 0.027 0.001)
(0.002666666667 0.027 0.001)
(0.004 0.027 0.001)
(0.005333333333 0.027 0.001)
(0.006666666667 0.027 0.001)
(0.008 0.027 0.001)
(0.009333333333 0.027 0.001)
(0.01066666667 0.027 0.001)
(0.012 0.027 0.001)
(0.01333333333 0.027 0.001)
(0.01466666667 0.027 0.001)
(0.016 0.027 0.001)
(0.01733333333 0.027 0.001)
(0.01866666667 0.027 0.001)
(0.001333333333 0.0225 0.001)
(0.002666666667 0.0225 0.001)
(0.004 0.0225 0.001)
(0.005333333333 0.0225 0.001)
(0.006666666667 0.0225 0.001)
(0.008 0.0225 0.001)
(0.009333333333 0.0225 0.001)
(0.01066666667 0.0225 0.001)
(0.012 0.0225 0.001)
(0.01333333333 0.0225 0.001)
(0.01466666667 0.0225 0.001)
(0.016 0.0225 0.001)
(0.01733333333 0.0225 0.001)
(0.01866666667 0.0225 0.001)
(0.001333333333 0.018 0.001)
(0.002666666667 0.018 0.001)
(0.004 0.018 0.001)
(0.005333333333 0.018 0.001)
(0.006666666667 0.018 0.001)
(0.008 0.018 0.001)
(0.009333333333 0.018 0.001)
(0.01066666667 0.018 0.001)
(0.012 0.018 0.001)
(0.01333333333 0.018 0.001)
(0.01466666667 0.018 0.001)
(0.016 0.018 0.001)
(0.01733333333 0.018 0.001)
(0.01866666667 0.018 0.001)
(0.001333333333 0.0135 0.001)
(0.002666666667 0.0135 0.001)
(0.004 0.0135 0.001)
(0.005333333333 0.0135 0.001)
(0.006666666667 0.0135 0.001)
(0.008 0.0135 0.001)
(0.009333333333 0.0135 0.001)
(0.01066666667 0.0135 0.001)
(0.012 0.0135 0.001)
(0.01333333333 0.0135 0.001)
(0.01466666667 0.0135 0.001)
(0.016 0.0135 0.001)
(0.01733333333 0.0135 0.001)
(0.01866666667 0.0135 0.001)
(0.001333333333 0.009 0.001)
(0.002666666667 0.009 0.001)
(0.004 0.009 0.001)
(0.005333333333 0.009 0.001)
(0.006666666667 0.009 0.001)
(0.008 0.009 0.001)
(0.009333333333 0.009 0.001)
(0.01066666667 0.009 0.001)
(0.012 0.009 0.001)
(0.01333333333 0.009 0.001)
(0.01466666667 0.009 0.001)
(0.016 0.009 0.001)
(0.01733333333 0.009 0.001)
(0.01866666667 0.009 0.001)
(0.001333333333 0.0045 0.001)
(0.002666666667 0.0045 0.001)
(0.004 0.0045 0.001)
(0.005333333333 0.0045 0.001)
(0.006666666667 0.0045 0.001)
(0.008 0.0045 0.001)
(0.009333333333 0.0045 0.001)
(0.01066666667 0.0045 0.001)
(0.012 0.0045 0.001)
(0.01333333333 0.0045 0.001)
(0.01466666667 0.0045 0.001)
(0.016 0.0045 0.001)
(0.01733333333 0.0045 0.001)
(0.01866666667 0.0045 0.001)
(0.0285 0.06866666667 0.001)
(0.032 0.06866666667 0.001)
(0.0355 0.06866666667 0.001)
(0.039 0.06866666667 0.001)
(0.0425 0.06866666667 0.001)
(0.046 0.06866666667 0.001)
(0.0495 0.06866666667 0.001)
(0.053 0.06866666667 0.001)
(0.0565 0.06866666667 0.001)
(0.0285 0.06733333333 0.001)
(0.032 0.06733333333 0.001)
(0.0355 0.06733333333 0.001)
(0.039 0.06733333333 0.001)
(0.0425 0.06733333333 0.001)
(0.046 0.06733333333 0.001)
(0.0495 0.06733333333 0.001)
(0.053 0.06733333333 0.001)
(0.0565 0.06733333333 0.001)
(0.0285 0.066 0.001)
(0.032 0.066 0.001)
(0.0355 0.066 0.001)
(0.039 0.066 0.001)
(0.0425 0.066 0.001)
(0.046 0.066 0.001)
(0.0495 0.066 0.001)
(0.053 0.066 0.001)
(0.0565 0.066 0.001)
(0.0285 0.06466666667 0.001)
(0.032 0.06466666667 0.001)
(0.0355 0.06466666667 0.001)
(0.039 0.06466666667 0.001)
(0.0425 0.06466666667 0.001)
(0.046 0.06466666667 0.001)
(0.0495 0.06466666667 0.001)
(0.053 0.06466666667 0.001)
(0.0565 0.06466666667 0.001)
(0.0285 0.06333333333 0.001)
(0.032 0.06333333333 0.001)
(0.0355 0.06333333333 0.001)
(0.039 0.06333333333 0.001)
(0.0425 0.06333333333 0.001)
(0.046 0.06333333333 0.001)
(0.0495 0.06333333333 0.001)
(0.053 0.06333333333 0.001)
(0.0565 0.06333333333 0.001)
(0.0285 0.062 0.001)
(0.032 0.062 0.001)
(0.0355 0.062 0.001)
(0.039 0.062 0.001)
(0.0425 0.062 0.001)
(0.046 0.062 0.001)
(0.0495 0.062 0.001)
(0.053 0.062 0.001)
(0.0565 0.062 0.001)
(0.0285 0.06066666667 0.001)
(0.032 0.06066666667 0.001)
(0.0355 0.06066666667 0.001)
(0.039 0.06066666667 0.001)
(0.0425 0.06066666667 0.001)
(0.046 0.06066666667 0.001)
(0.0495 0.06066666667 0.001)
(0.053 0.06066666667 0.001)
(0.0565 0.06066666667 0.001)
(0.0285 0.05933333333 0.001)
(0.032 0.05933333333 0.001)
(0.0355 0.05933333333 0.001)
(0.039 0.05933333333 0.001)
(0.0425 0.05933333333 0.001)
(0.046 0.05933333333 0.001)
(0.0495 0.05933333333 0.001)
(0.053 0.05933333333 0.001)
(0.0565 0.05933333333 0.001)
(0.0285 0.058 0.001)
(0.032 0.058 0.001)
(0.0355 0.058 0.001)
(0.039 0.058 0.001)
(0.0425 0.058 0.001)
(0.046 0.058 0.001)
(0.0495 0.058 0.001)
(0.053 0.058 0.001)
(0.0565 0.058 0.001)
(0.0285 0.05666666667 0.001)
(0.032 0.05666666667 0.001)
(0.0355 0.05666666667 0.001)
(0.039 0.05666666667 0.001)
(0.0425 0.05666666667 0.001)
(0.046 0.05666666667 0.001)
(0.0495 0.05666666667 0.001)
(0.053 0.05666666667 0.001)
(0.0565 0.05666666667 0.001)
(0.0285 0.05533333333 0.001)
(0.032 0.05533333333 0.001)
(0.0355 0.05533333333 0.001)
(0.039 0.05533333333 0.001)
(0.0425 0.05533333333 0.001)
(0.046 0.05533333333 0.001)
(0.0495 0.05533333333 0.001)
(0.053 0.05533333333 0.001)
(0.0565 0.05533333333 0.001)
(0.0285 0.054 0.001)
(0.032 0.054 0.001)
(0.0355 0.054 0.001)
(0.039 0.054 0.001)
(0.0425 0.054 0.001)
(0.046 0.054 0.001)
(0.0495 0.054 0.001)
(0.053 0.054 0.001)
(0.0565 0.054 0.001)
(0.0285 0.05266666667 0.001)
(0.032 0.05266666667 0.001)
(0.0355 0.05266666667 0.001)
(0.039 0.05266666667 0.001)
(0.0425 0.05266666667 0.001)
(0.046 0.05266666667 0.001)
(0.0495 0.05266666667 0.001)
(0.053 0.05266666667 0.001)
(0.0565 0.05266666667 0.001)
(0.0285 0.05133333333 0.001)
(0.032 0.05133333333 0.001)
(0.0355 0.05133333333 0.001)
(0.039 0.05133333333 0.001)
(0.0425 0.05133333333 0.001)
(0.046 0.05133333333 0.001)
(0.0495 0.05133333333 0.001)
(0.053 0.05133333333 0.001)
(0.0565 0.05133333333 0.001)
(0.001333991091 0.04669531359 0.001)
(0.001335961766 0.04839054459 0.001)
(0.001339237583 0.0500856107 0.001)
(0.001343805613 0.05178043031 0.001)
(0.001349647828 0.05347492277 0.001)
(0.001356741171 0.05516900871 0.001)
(0.001365057649 0.05686261038 0.001)
(0.001445559522 0.05855298482 0.001)
(0.001767881488 0.06021454462 0.001)
(0.002332629753 0.06181064767 0.001)
(0.003127421915 0.06330600576 0.001)
(0.004134763246 0.06466756396 0.001)
(0.005332436039 0.06586523675 0.001)
(0.006693994238 0.06687257809 0.001)
(0.008189352335 0.06766737025 0.001)
(0.009785455379 0.06823211851 0.001)
(0.01144701518 0.06855444048 0.001)
(0.01313738962 0.06863494235 0.001)
(0.01483099129 0.06864325883 0.001)
(0.01652507723 0.06865035217 0.001)
(0.01821956969 0.06865619439 0.001)
(0.0199143893 0.06866076242 0.001)
(0.02160945541 0.06866403823 0.001)
(0.02330468641 0.06866600891 0.001)
(0.01867587527 0.04541262124 0.001)
(0.01734188418 0.04551128988 0.001)
(0.01600789309 0.04560995853 0.001)
(0.014673902 0.04570862717 0.001)
(0.01333991091 0.04580729581 0.001)
(0.01200591981 0.04590596445 0.001)
(0.01067192872 0.0460046331 0.001)
(0.009337937634 0.04610330174 0.001)
(0.008003946543 0.04620197038 0.001)
(0.006669955453 0.04630063902 0.001)
(0.005335964362 0.04639930767 0.001)
(0.004001973272 0.04649797631 0.001)
(0.002667982181 0.04659664495 0.001)
(0.01870346473 0.04582408605 0.001)
(0.01736750296 0.04602150594 0.001)
(0.01603154119 0.04621892583 0.001)
(0.01469557943 0.04641634572 0.001)
(0.01335961766 0.0466137656 0.001)
(0.0120236559 0.04681118549 0.001)
(0.01068769413 0.04700860538 0.001)
(0.009351732364 0.04720602526 0.001)
(0.008015770597 0.04740344515 0.001)
(0.006679808831 0.04760086504 0.001)
(0.005343847065 0.04779828493 0.001)
(0.004007885299 0.04799570481 0.001)
(0.002671923532 0.0481931247 0.001)
(0.01874932616 0.04623324258 0.001)
(0.01741008858 0.04652957859 0.001)
(0.016070851 0.0468259146 0.001)
(0.01473161341 0.04712225061 0.001)
(0.01339237583 0.04741858662 0.001)
(0.01205313825 0.04771492263 0.001)
(0.01071390066 0.04801125864 0.001)
(0.009374663082 0.04830759465 0.001)
(0.008035425499 0.04860393066 0.001)
(0.006696187915 0.04890026666 0.001)
(0.005356950332 0.04919660267 0.001)
(0.004017712749 0.04949293868 0.001)
(0.002678475166 0.04978927469 0.001)
(0.01881327858 0.04663894807 0.001)
(0.01746947297 0.0470344467 0.001)
(0.01612566736 0.04742994534 0.001)
(0.01478186174 0.04782544397 0.001)
(0.01343805613 0.04822094261 0.001)
(0.01209425052 0.04861644124 0.001)
(0.0107504449 0.04901193987 0.001)
(0.009406639291 0.04940743851 0.001)
(0.008062833678 0.04980293714 0.001)
(0.006719028065 0.05019843578 0.001)
(0.005375222452 0.05059393441 0.001)
(0.004031416839 0.05098943305 0.001)
(0.002687611226 0.05138493168 0.001)
(0.01889506959 0.04704007339 0.001)
(0.01754542176 0.0475350618 0.001)
(0.01619577393 0.04803005021 0.001)
(0.01484612611 0.04852503863 0.001)
(0.01349647828 0.04902002704 0.001)
(0.01214683045 0.04951501546 0.001)
(0.01079718262 0.05001000387 0.001)
(0.009447534795 0.05050499229 0.001)
(0.008097886967 0.0509999807 0.001)
(0.00674823914 0.05149496911 0.001)
(0.005398591312 0.05198995753 0.001)
(0.004048943484 0.05248494594 0.001)
(0.002699295656 0.05297993436 0.001)
(0.0189943764 0.04743550747 0.001)
(0.01763763523 0.04803039218 0.001)
(0.01628089406 0.04862527689 0.001)
(0.01492415289 0.04922016161 0.001)
(0.01356741171 0.04981504632 0.001)
(0.01221067054 0.05040993103 0.001)
(0.01085392937 0.05100481574 0.001)
(0.0094971882 0.05159970045 0.001)
(0.008140447028 0.05219458516 0.001)
(0.006783705857 0.05278946987 0.001)
(0.005426964685 0.05338435458 0.001)
(0.004070223514 0.05397923929 0.001)
(0.002713482343 0.054574124 0.001)
(0.01911080709 0.04782416174 0.001)
(0.01774574944 0.04851942702 0.001)
(0.01638069179 0.0492146923 0.001)
(0.01501563414 0.04990995758 0.001)
(0.01365057649 0.05060522286 0.001)
(0.01228551884 0.05130048814 0.001)
(0.01092046119 0.05199575342 0.001)
(0.009555403544 0.0526910187 0.001)
(0.008190345895 0.05338628398 0.001)
(0.006825288246 0.05408154926 0.001)
(0.005460230597 0.05477681454 0.001)
(0.004095172948 0.05547207982 0.001)
(0.002730115298 0.0561673451 0.001)
(0.01924897324 0.04820478383 0.001)
(0.01787947987 0.04900079929 0.001)
(0.01650998651 0.04979681475 0.001)
(0.01514049315 0.05059283021 0.001)
(0.01377099979 0.05138884567 0.001)
(0.01240150642 0.05218486113 0.001)
(0.01103201306 0.05298087659 0.001)
(0.009662519698 0.05377689206 0.001)
(0.008293026335 0.05457290752 0.001)
(0.006923532973 0.05536892298 0.001)
(0.00555403961 0.05616493844 0.001)
(0.004184546247 0.0569609539 0.001)
(0.002815052884 0.05775696936 0.001)
(0.01942046902 0.04857452045 0.001)
(0.01806257767 0.04946990692 0.001)
(0.01670468633 0.0503652934 0.001)
(0.01534679498 0.05126067987 0.001)
(0.01398890363 0.05215606635 0.001)
(0.01263101228 0.05305145282 0.001)
(0.01127312093 0.0539468393 0.001)
(0.009915229581 0.05484222577 0.001)
(0.008557338232 0.05573761225 0.001)
(0.007199446883 0.05663299872 0.001)
(0.005841555534 0.0575283852 0.001)
(0.004483664186 0.05842377167 0.001)
(0.003125772837 0.05931915815 0.001)
(0.01962475179 0.0489297635 0.001)
(0.01829458856 0.04992060075 0.001)
(0.01696442533 0.05091143799 0.001)
(0.01563426209 0.05190227523 0.001)
(0.01430409886 0.05289311248 0.001)
(0.01297393562 0.05388394972 0.001)
(0.01164377239 0.05487478696 0.001)
(0.01031360916 0.05586562421 0.001)
(0.008983445922 0.05685646145 0.001)
(0.007653282688 0.05784729869 0.001)
(0.006323119455 0.05883813594 0.001)
(0.004992956221 0.05982897318 0.001)
(0.003662792987 0.06081981042 0.001)
(0.01986029008 0.04926704036 0.001)
(0.01857314638 0.05034696078 0.001)
(0.01728600267 0.05142688119 0.001)
(0.01599885897 0.05250680161 0.001)
(0.01471171526 0.05358672202 0.001)
(0.01342457156 0.05466664244 0.001)
(0.01213742785 0.05574656286 0.001)
(0.01085028415 0.05682648327 0.001)
(0.00956314044 0.05790640369 0.001)
(0.008275996735 0.0589863241 0.001)
(0.00698885303 0.06006624452 0.001)
(0.005701709325 0.06114616493 0.001)
(0.00441456562 0.06222608535 0.001)
(0.02012512875 0.04958308042 0.001)
(0.01889510063 0.05074342531 0.001)
(0.01766507252 0.05190377019 0.001)
(0.0164350444 0.05306411508 0.001)
(0.01520501629 0.05422445997 0.001)
(0.01397498817 0.05538480486 0.001)
(0.01274496005 0.05654514975 0.001)
(0.01151493194 0.05770549463 0.001)
(0.01028490382 0.05886583952 0.001)
(0.009054875708 0.06002618441 0.001)
(0.007824847592 0.0611865293 0.001)
(0.006594819477 0.06234687419 0.001)
(0.005364791362 0.06350721907 0.001)
(0.02041691958 0.04987487125 0.001)
(0.01925657469 0.05110489937 0.001)
(0.01809622981 0.05233492748 0.001)
(0.01693588492 0.0535649556 0.001)
(0.01577554003 0.05479498371 0.001)
(0.01461519514 0.05602501183 0.001)
(0.01345485025 0.05725503995 0.001)
(0.01229450537 0.05848506806 0.001)
(0.01113416048 0.05971509618 0.001)
(0.009973815591 0.06094512429 0.001)
(0.008813470703 0.06217515241 0.001)
(0.007653125815 0.06340518052 0.001)
(0.006492780927 0.06463520864 0.001)
(0.02073295964 0.05013970992 0.001)
(0.01965303922 0.05142685362 0.001)
(0.01857311881 0.05271399733 0.001)
(0.01749319839 0.05400114103 0.001)
(0.01641327798 0.05528828474 0.001)
(0.01533335756 0.05657542844 0.001)
(0.01425343714 0.05786257215 0.001)
(0.01317351673 0.05914971585 0.001)
(0.01209359631 0.06043685956 0.001)
(0.0110136759 0.06172400326 0.001)
(0.009933755484 0.06301114697 0.001)
(0.008853835068 0.06429829068 0.001)
(0.007773914653 0.06558543438 0.001)
(0.0210702365 0.05037524821 0.001)
(0.02007939925 0.05170541144 0.001)
(0.01908856201 0.05303557467 0.001)
(0.01809772477 0.05436573791 0.001)
(0.01710688752 0.05569590114 0.001)
(0.01611605028 0.05702606438 0.001)
(0.01512521304 0.05835622761 0.001)
(0.01413437579 0.05968639084 0.001)
(0.01314353855 0.06101655408 0.001)
(0.01215270131 0.06234671731 0.001)
(0.01116186406 0.06367688055 0.001)
(0.01017102682 0.06500704378 0.001)
(0.009180189578 0.06633720701 0.001)
(0.02142547955 0.05057953098 0.001)
(0.02053009308 0.05193742233 0.001)
(0.0196347066 0.05329531367 0.001)
(0.01873932013 0.05465320502 0.001)
(0.01784393365 0.05601109637 0.001)
(0.01694854718 0.05736898772 0.001)
(0.0160531607 0.05872687907 0.001)
(0.01515777423 0.06008477042 0.001)
(0.01426238775 0.06144266177 0.001)
(0.01336700128 0.06280055312 0.001)
(0.0124716148 0.06415844447 0.001)
(0.01157622833 0.06551633581 0.001)
(0.01068084185 0.06687422716 0.001)
(0.02179521617 0.05075102676 0.001)
(0.02099920071 0.05212052013 0.001)
(0.02020318525 0.05349001349 0.001)
(0.01940716979 0.05485950685 0.001)
(0.01861115433 0.05622900021 0.001)
(0.01781513887 0.05759849358 0.001)
(0.01701912341 0.05896798694 0.001)
(0.01622310794 0.0603374803 0.001)
(0.01542709248 0.06170697366 0.001)
(0.01463107702 0.06307646703 0.001)
(0.01383506156 0.06444596039 0.001)
(0.0130390461 0.06581545375 0.001)
(0.01224303064 0.06718494712 0.001)
(0.02217583826 0.05088919291 0.001)
(0.02148057298 0.05225425056 0.001)
(0.0207853077 0.05361930821 0.001)
(0.02009004242 0.05498436586 0.001)
(0.01939477714 0.05634942351 0.001)
(0.01869951186 0.05771448116 0.001)
(0.01800424658 0.05907953881 0.001)
(0.0173089813 0.06044459646 0.001)
(0.01661371602 0.0618096541 0.001)
(0.01591845074 0.06317471175 0.001)
(0.01522318546 0.0645397694 0.001)
(0.01452792018 0.06590482705 0.001)
(0.0138326549 0.0672698847 0.001)
(0.02256449253 0.0510056236 0.001)
(0.02196960782 0.05236236477 0.001)
(0.02137472311 0.05371910594 0.001)
(0.02077983839 0.05507584711 0.001)
(0.02018495368 0.05643258829 0.001)
(0.01959006897 0.05778932946 0.001)
(0.01899518426 0.05914607063 0.001)
(0.01840029955 0.0605028118 0.001)
(0.01780541484 0.06185955297 0.001)
(0.01721053013 0.06321629414 0.001)
(0.01661564542 0.06457303531 0.001)
(0.01602076071 0.06592977649 0.001)
(0.015425876 0.06728651766 0.001)
(0.02295992661 0.05110493041 0.001)
(0.0224649382 0.05245457824 0.001)
(0.02196994979 0.05380422607 0.001)
(0.02147496137 0.05515387389 0.001)
(0.02097997296 0.05650352172 0.001)
(0.02048498454 0.05785316955 0.001)
(0.01998999613 0.05920281738 0.001)
(0.01949500771 0.0605524652 0.001)
(0.0190000193 0.06190211303 0.001)
(0.01850503089 0.06325176086 0.001)
(0.01801004247 0.06460140869 0.001)
(0.01751505406 0.06595105652 0.001)
(0.01702006564 0.06730070434 0.001)
(0.02336105193 0.05118672142 0.001)
(0.0229655533 0.05253052703 0.001)
(0.02257005466 0.05387433264 0.001)
(0.02217455603 0.05521813826 0.001)
(0.02177905739 0.05656194387 0.001)
(0.02138355876 0.05790574948 0.001)
(0.02098806013 0.0592495551 0.001)
(0.02059256149 0.06059336071 0.001)
(0.02019706286 0.06193716632 0.001)
(0.01980156422 0.06328097194 0.001)
(0.01940606559 0.06462477755 0.001)
(0.01901056695 0.06596858316 0.001)
(0.01861506832 0.06731238877 0.001)
(0.02376675742 0.05125067384 0.001)
(0.02347042141 0.05258991142 0.001)
(0.0231740854 0.053929149 0.001)
(0.02287774939 0.05526838659 0.001)
(0.02258141338 0.05660762417 0.001)
(0.02228507737 0.05794686175 0.001)
(0.02198874136 0.05928609934 0.001)
(0.02169240535 0.06062533692 0.001)
(0.02139606934 0.0619645745 0.001)
(0.02109973334 0.06330381208 0.001)
(0.02080339733 0.06464304967 0.001)
(0.02050706132 0.06598228725 0.001)
(0.02021072531 0.06732152483 0.001)
(0.02417591395 0.05129653527 0.001)
(0.02397849406 0.05263249704 0.001)
(0.02378107417 0.05396845881 0.001)
(0.02358365428 0.05530442057 0.001)
(0.0233862344 0.05664038234 0.001)
(0.02318881451 0.0579763441 0.001)
(0.02299139462 0.05931230587 0.001)
(0.02279397474 0.06064826764 0.001)
(0.02259655485 0.0619842294 0.001)
(0.02239913496 0.06332019117 0.001)
(0.02220171507 0.06465615294 0.001)
(0.02200429519 0.0659921147 0.001)
(0.0218068753 0.06732807647 0.001)
(0.02458737876 0.05132412473 0.001)
(0.02448871012 0.05265811582 0.001)
(0.02439004147 0.05399210691 0.001)
(0.02429137283 0.055326098 0.001)
(0.02419270419 0.05666008909 0.001)
(0.02409403555 0.05799408019 0.001)
(0.0239953669 0.05932807128 0.001)
(0.02389669826 0.06066206237 0.001)
(0.02379802962 0.06199605346 0.001)
(0.02369936098 0.06333004455 0.001)
(0.02360069233 0.06466403564 0.001)
(0.02350202369 0.06599802673 0.001)
(0.02340335505 0.06733201782 0.001)
(0 0.05748 0)
(0 0.05696 0)
(0 0.05644 0)
(0 0.05592 0)
(0 0.0554 0)
(0 0.05488 0)
(0 0.05436 0)
(0 0.05384 0)
(0 0.05332 0)
(0 0.0528 0)
(0 0.05228 0)
(0 0.05176 0)
(0 0.05124 0)
(0 0.05072 0)
(0 0.0502 0)
(0 0.04968 0)
(0 0.04916 0)
(0 0.04864 0)
(0 0.04812 0)
(0 0.0476 0)
(0 0.04708 0)
(0 0.04656 0)
(0 0.04604 0)
(0 0.04552 0)
(2.367925886e-05 0.05875348623 0)
(9.462358423e-05 0.0595039988 0)
(0.0002125529913 0.06024857578 0)
(0.0003770020665 0.06098427865 0)
(0.0005873218045 0.06170820393 0)
(0.0008426821693 0.06241749463 0)
(0.00114207537 0.0631093515 0)
(0.001484319839 0.06378104409 0)
(0.001868064894 0.06442992154 0)
(0.002291796068 0.06505342303 0)
(0.002753841087 0.06564908788 0)
(0.003252376471 0.06621456527 0)
(0.003785434729 0.06674762353 0)
(0.004350912123 0.06724615891 0)
(0.004946576972 0.06770820393 0)
(0.00557007846 0.06813193511 0)
(0.006218955911 0.06851568016 0)
(0.006890648501 0.06885792463 0)
(0.007582505368 0.06915731783 0)
(0.008291796068 0.0694126782 0)
(0.009015721354 0.06962299793 0)
(0.009751424225 0.06978744701 0)
(0.0104960012 0.06990537642 0)
(0.01124651377 0.06997632074 0)
(0.01252 0.07 0)
(0.01304 0.07 0)
(0.01356 0.07 0)
(0.01408 0.07 0)
(0.0146 0.07 0)
(0.01512 0.07 0)
(0.01564 0.07 0)
(0.01616 0.07 0)
(0.01668 0.07 0)
(0.0172 0.07 0)
(0.01772 0.07 0)
(0.01824 0.07 0)
(0.01876 0.07 0)
(0.01928 0.07 0)
(0.0198 0.07 0)
(0.02032 0.07 0)
(0.02084 0.07 0)
(0.02136 0.07 0)
(0.02188 0.07 0)
(0.0224 0.07 0)
(0.02292 0.07 0)
(0.02344 0.07 0)
(0.02396 0.07 0)
(0.02448 0.07 0)
(0.02000986636 0.0453139526 0)
(0.02003942649 0.04562666617 0)
(0.02008856375 0.04593690657 0)
(0.02015708419 0.04624344944 0)
(0.02024471742 0.04654508497 0)
(0.02035111757 0.04684062276 0)
(0.02047586474 0.04712889646 0)
(0.0206184666 0.04740876837 0)
(0.02077836037 0.04767913397 0)
(0.02095491503 0.04793892626 0)
(0.02114743379 0.04818711995 0)
(0.02135515686 0.04842273553 0)
(0.02157726447 0.04864484314 0)
(0.02181288005 0.04885256621 0)
(0.02206107374 0.04904508497 0)
(0.02232086603 0.04922163963 0)
(0.02259123163 0.0493815334 0)
(0.02287110354 0.04952413526 0)
(0.02315937724 0.04964888243 0)
(0.02345491503 0.04975528258 0)
(0.02375655056 0.04984291581 0)
(0.02406309343 0.04991143625 0)
(0.02437333383 0.04996057351 0)
(0.0246860474 0.04999013364 0)
(0.02330468641 0.06866600891 0)
(0.02160945541 0.06866403823 0)
(0.0199143893 0.06866076242 0)
(0.01821956969 0.06865619439 0)
(0.01652507723 0.06865035217 0)
(0.01483099129 0.06864325883 0)
(0.01313738962 0.06863494235 0)
(0.01144701518 0.06855444048 0)
(0.009785455379 0.06823211851 0)
(0.008189352335 0.06766737025 0)
(0.006693994238 0.06687257809 0)
(0.005332436039 0.06586523675 0)
(0.004134763246 0.06466756396 0)
(0.003127421915 0.06330600576 0)
(0.002332629753 0.06181064767 0)
(0.001767881488 0.06021454462 0)
(0.001445559522 0.05855298482 0)
(0.001365057649 0.05686261038 0)
(0.001356741171 0.05516900871 0)
(0.001349647828 0.05347492277 0)
(0.001343805613 0.05178043031 0)
(0.001339237583 0.0500856107 0)
(0.001335961766 0.04839054459 0)
(0.001333991091 0.04669531359 0)
(0.01867587527 0.04541262124 0)
(0.01734188418 0.04551128988 0)
(0.01600789309 0.04560995853 0)
(0.014673902 0.04570862717 0)
(0.01333991091 0.04580729581 0)
(0.01200591981 0.04590596445 0)
(0.01067192872 0.0460046331 0)
(0.009337937634 0.04610330174 0)
(0.008003946543 0.04620197038 0)
(0.006669955453 0.04630063902 0)
(0.005335964362 0.04639930767 0)
(0.004001973272 0.04649797631 0)
(0.002667982181 0.04659664495 0)
(0.01870346473 0.04582408605 0)
(0.01736750296 0.04602150594 0)
(0.01603154119 0.04621892583 0)
(0.01469557943 0.04641634572 0)
(0.01335961766 0.0466137656 0)
(0.0120236559 0.04681118549 0)
(0.01068769413 0.04700860538 0)
(0.009351732364 0.04720602526 0)
(0.008015770597 0.04740344515 0)
(0.006679808831 0.04760086504 0)
(0.005343847065 0.04779828493 0)
(0.004007885299 0.04799570481 0)
(0.002671923532 0.0481931247 0)
(0.01874932616 0.04623324258 0)
(0.01741008858 0.04652957859 0)
(0.016070851 0.0468259146 0)
(0.01473161341 0.04712225061 0)
(0.01339237583 0.04741858662 0)
(0.01205313825 0.04771492263 0)
(0.01071390066 0.04801125864 0)
(0.009374663082 0.04830759465 0)
(0.008035425499 0.04860393066 0)
(0.006696187915 0.04890026666 0)
(0.005356950332 0.04919660267 0)
(0.004017712749 0.04949293868 0)
(0.002678475166 0.04978927469 0)
(0.01881327858 0.04663894807 0)
(0.01746947297 0.0470344467 0)
(0.01612566736 0.04742994534 0)
(0.01478186174 0.04782544397 0)
(0.01343805613 0.04822094261 0)
(0.01209425052 0.04861644124 0)
(0.0107504449 0.04901193987 0)
(0.009406639291 0.04940743851 0)
(0.008062833678 0.04980293714 0)
(0.006719028065 0.05019843578 0)
(0.005375222452 0.05059393441 0)
(0.004031416839 0.05098943305 0)
(0.002687611226 0.05138493168 0)
(0.01889506959 0.04704007339 0)
(0.01754542176 0.0475350618 0)
(0.01619577393 0.04803005021 0)
(0.01484612611 0.04852503863 0)
(0.01349647828 0.04902002704 0)
(0.01214683045 0.04951501546 0)
(0.01079718262 0.05001000387 0)
(0.009447534795 0.05050499229 0)
(0.008097886967 0.0509999807 0)
(0.00674823914 0.05149496911 0)
(0.005398591312 0.05198995753 0)
(0.004048943484 0.05248494594 0)
(0.002699295656 0.05297993436 0)
(0.0189943764 0.04743550747 0)
(0.01763763523 0.04803039218 0)
(0.01628089406 0.04862527689 0)
(0.01492415289 0.04922016161 0)
(0.01356741171 0.04981504632 0)
(0.01221067054 0.05040993103 0)
(0.01085392937 0.05100481574 0)
(0.0094971882 0.05159970045 0)
(0.008140447028 0.05219458516 0)
(0.006783705857 0.05278946987 0)
(0.005426964685 0.05338435458 0)
(0.004070223514 0.05397923929 0)
(0.002713482343 0.054574124 0)
(0.01911080709 0.04782416174 0)
(0.01774574944 0.04851942702 0)
(0.01638069179 0.0492146923 0)
(0.01501563414 0.04990995758 0)
(0.01365057649 0.05060522286 0)
(0.01228551884 0.05130048814 0)
(0.01092046119 0.05199575342 0)
(0.009555403544 0.0526910187 0)
(0.008190345895 0.05338628398 0)
(0.006825288246 0.05408154926 0)
(0.005460230597 0.05477681454 0)
(0.004095172948 0.05547207982 0)
(0.002730115298 0.0561673451 0)
(0.01924897324 0.04820478383 0)
(0.01787947987 0.04900079929 0)
(0.01650998651 0.04979681475 0)
(0.01514049315 0.05059283021 0)
(0.01377099979 0.05138884567 0)
(0.01240150642 0.05218486113 0)
(0.01103201306 0.05298087659 0)
(0.009662519698 0.05377689206 0)
(0.008293026335 0.05457290752 0)
(0.006923532973 0.05536892298 0)
(0.00555403961 0.05616493844 0)
(0.004184546247 0.0569609539 0)
(0.002815052884 0.05775696936 0)
(0.01942046902 0.04857452045 0)
(0.01806257767 0.04946990692 0)
(0.01670468633 0.0503652934 0)
(0.01534679498 0.05126067987 0)
(0.01398890363 0.05215606635 0)
(0.01263101228 0.05305145282 0)
(0.01127312093 0.0539468393 0)
(0.009915229581 0.05484222577 0)
(0.008557338232 0.05573761225 0)
(0.007199446883 0.05663299872 0)
(0.005841555534 0.0575283852 0)
(0.004483664186 0.05842377167 0)
(0.003125772837 0.05931915815 0)
(0.01962475179 0.0489297635 0)
(0.01829458856 0.04992060075 0)
(0.01696442533 0.05091143799 0)
(0.01563426209 0.05190227523 0)
(0.01430409886 0.05289311248 0)
(0.01297393562 0.05388394972 0)
(0.01164377239 0.05487478696 0)
(0.01031360916 0.05586562421 0)
(0.008983445922 0.05685646145 0)
(0.007653282688 0.05784729869 0)
(0.006323119455 0.05883813594 0)
(0.004992956221 0.05982897318 0)
(0.003662792987 0.06081981042 0)
(0.01986029008 0.04926704036 0)
(0.01857314638 0.05034696078 0)
(0.01728600267 0.05142688119 0)
(0.01599885897 0.05250680161 0)
(0.01471171526 0.05358672202 0)
(0.01342457156 0.05466664244 0)
(0.01213742785 0.05574656286 0)
(0.01085028415 0.05682648327 0)
(0.00956314044 0.05790640369 0)
(0.008275996735 0.0589863241 0)
(0.00698885303 0.06006624452 0)
(0.005701709325 0.06114616493 0)
(0.00441456562 0.06222608535 0)
(0.02012512875 0.04958308042 0)
(0.01889510063 0.05074342531 0)
(0.01766507252 0.05190377019 0)
(0.0164350444 0.05306411508 0)
(0.01520501629 0.05422445997 0)
(0.01397498817 0.05538480486 0)
(0.01274496005 0.05654514975 0)
(0.01151493194 0.05770549463 0)
(0.01028490382 0.05886583952 0)
(0.009054875708 0.06002618441 0)
(0.007824847592 0.0611865293 0)
(0.006594819477 0.06234687419 0)
(0.005364791362 0.06350721907 0)
(0.02041691958 0.04987487125 0)
(0.01925657469 0.05110489937 0)
(0.01809622981 0.05233492748 0)
(0.01693588492 0.0535649556 0)
(0.01577554003 0.05479498371 0)
(0.01461519514 0.05602501183 0)
(0.01345485025 0.05725503995 0)
(0.01229450537 0.05848506806 0)
(0.01113416048 0.05971509618 0)
(0.009973815591 0.06094512429 0)
(0.008813470703 0.06217515241 0)
(0.007653125815 0.06340518052 0)
(0.006492780927 0.06463520864 0)
(0.02073295964 0.05013970992 0)
(0.01965303922 0.05142685362 0)
(0.01857311881 0.05271399733 0)
(0.01749319839 0.05400114103 0)
(0.01641327798 0.05528828474 0)
(0.01533335756 0.05657542844 0)
(0.01425343714 0.05786257215 0)
(0.01317351673 0.05914971585 0)
(0.01209359631 0.06043685956 0)
(0.0110136759 0.06172400326 0)
(0.009933755484 0.06301114697 0)
(0.008853835068 0.06429829068 0)
(0.007773914653 0.06558543438 0)
(0.0210702365 0.05037524821 0)
(0.02007939925 0.05170541144 0)
(0.01908856201 0.05303557467 0)
(0.01809772477 0.05436573791 0)
(0.01710688752 0.05569590114 0)
(0.01611605028 0.05702606438 0)
(0.01512521304 0.05835622761 0)
(0.01413437579 0.05968639084 0)
(0.01314353855 0.06101655408 0)
(0.01215270131 0.06234671731 0)
(0.01116186406 0.06367688055 0)
(0.01017102682 0.06500704378 0)
(0.009180189578 0.06633720701 0)
(0.02142547955 0.05057953098 0)
(0.02053009308 0.05193742233 0)
(0.0196347066 0.05329531367 0)
(0.01873932013 0.05465320502 0)
(0.01784393365 0.05601109637 0)
(0.01694854718 0.05736898772 0)
(0.0160531607 0.05872687907 0)
(0.01515777423 0.06008477042 0)
(0.01426238775 0.06144266177 0)
(0.01336700128 0.06280055312 0)
(0.0124716148 0.06415844447 0)
(0.01157622833 0.06551633581 0)
(0.01068084185 0.06687422716 0)
(0.02179521617 0.05075102676 0)
(0.02099920071 0.05212052013 0)
(0.02020318525 0.05349001349 0)
(0.01940716979 0.05485950685 0)
(0.01861115433 0.05622900021 0)
(0.01781513887 0.05759849358 0)
(0.01701912341 0.05896798694 0)
(0.01622310794 0.0603374803 0)
(0.01542709248 0.06170697366 0)
(0.01463107702 0.06307646703 0)
(0.01383506156 0.06444596039 0)
(0.0130390461 0.06581545375 0)
(0.01224303064 0.06718494712 0)
(0.02217583826 0.05088919291 0)
(0.02148057298 0.05225425056 0)
(0.0207853077 0.05361930821 0)
(0.02009004242 0.05498436586 0)
(0.01939477714 0.05634942351 0)
(0.01869951186 0.05771448116 0)
(0.01800424658 0.05907953881 0)
(0.0173089813 0.06044459646 0)
(0.01661371602 0.0618096541 0)
(0.01591845074 0.06317471175 0)
(0.01522318546 0.0645397694 0)
(0.01452792018 0.06590482705 0)
(0.0138326549 0.0672698847 0)
(0.02256449253 0.0510056236 0)
(0.02196960782 0.05236236477 0)
(0.02137472311 0.05371910594 0)
(0.02077983839 0.05507584711 0)
(0.02018495368 0.05643258829 0)
(0.01959006897 0.05778932946 0)
(0.01899518426 0.05914607063 0)
(0.01840029955 0.0605028118 0)
(0.01780541484 0.06185955297 0)
(0.01721053013 0.06321629414 0)
(0.01661564542 0.06457303531 0)
(0.01602076071 0.06592977649 0)
(0.015425876 0.06728651766 0)
(0.02295992661 0.05110493041 0)
(0.0224649382 0.05245457824 0)
(0.02196994979 0.05380422607 0)
(0.02147496137 0.05515387389 0)
(0.02097997296 0.05650352172 0)
(0.02048498454 0.05785316955 0)
(0.01998999613 0.05920281738 0)
(0.01949500771 0.0605524652 0)
(0.0190000193 0.06190211303 0)
(0.01850503089 0.06325176086 0)
(0.01801004247 0.06460140869 0)
(0.01751505406 0.06595105652 0)
(0.01702006564 0.06730070434 0)
(0.02336105193 0.05118672142 0)
(0.0229655533 0.05253052703 0)
(0.02257005466 0.05387433264 0)
(0.02217455603 0.05521813826 0)
(0.02177905739 0.05656194387 0)
(0.02138355876 0.05790574948 0)
(0.02098806013 0.0592495551 0)
(0.02059256149 0.06059336071 0)
(0.02019706286 0.06193716632 0)
(0.01980156422 0.06328097194 0)
(0.01940606559 0.06462477755 0)
(0.01901056695 0.06596858316 0)
(0.01861506832 0.06731238877 0)
(0.02376675742 0.05125067384 0)
(0.02347042141 0.05258991142 0)
(0.0231740854 0.053929149 0)
(0.02287774939 0.05526838659 0)
(0.02258141338 0.05660762417 0)
(0.02228507737 0.05794686175 0)
(0.02198874136 0.05928609934 0)
(0.02169240535 0.06062533692 0)
(0.02139606934 0.0619645745 0)
(0.02109973334 0.06330381208 0)
(0.02080339733 0.06464304967 0)
(0.02050706132 0.06598228725 0)
(0.02021072531 0.06732152483 0)
(0.02417591395 0.05129653527 0)
(0.02397849406 0.05263249704 0)
(0.02378107417 0.05396845881 0)
(0.02358365428 0.05530442057 0)
(0.0233862344 0.05664038234 0)
(0.02318881451 0.0579763441 0)
(0.02299139462 0.05931230587 0)
(0.02279397474 0.06064826764 0)
(0.02259655485 0.0619842294 0)
(0.02239913496 0.06332019117 0)
(0.02220171507 0.06465615294 0)
(0.02200429519 0.0659921147 0)
(0.0218068753 0.06732807647 0)
(0.02458737876 0.05132412473 0)
(0.02448871012 0.05265811582 0)
(0.02439004147 0.05399210691 0)
(0.02429137283 0.055326098 0)
(0.02419270419 0.05666008909 0)
(0.02409403555 0.05799408019 0)
(0.0239953669 0.05932807128 0)
(0.02389669826 0.06066206237 0)
(0.02379802962 0.06199605346 0)
(0.02369936098 0.06333004455 0)
(0.02360069233 0.06466403564 0)
(0.02350202369 0.06599802673 0)
(0.02340335505 0.06733201782 0)
(0.001333333333 0.0405 0)
(0.002666666667 0.0405 0)
(0.004 0.0405 0)
(0.005333333333 0.0405 0)
(0.006666666667 0.0405 0)
(0.008 0.0405 0)
(0.009333333333 0.0405 0)
(0.01066666667 0.0405 0)
(0.012 0.0405 0)
(0.01333333333 0.0405 0)
(0.01466666667 0.0405 0)
(0.016 0.0405 0)
(0.01733333333 0.0405 0)
(0.01866666667 0.0405 0)
(0.001333333333 0.036 0)
(0.002666666667 0.036 0)
(0.004 0.036 0)
(0.005333333333 0.036 0)
(0.006666666667 0.036 0)
(0.008 0.036 0)
(0.009333333333 0.036 0)
(0.01066666667 0.036 0)
(0.012 0.036 0)
(0.01333333333 0.036 0)
(0.01466666667 0.036 0)
(0.016 0.036 0)
(0.01733333333 0.036 0)
(0.01866666667 0.036 0)
(0.001333333333 0.0315 0)
(0.002666666667 0.0315 0)
(0.004 0.0315 0)
(0.005333333333 0.0315 0)
(0.006666666667 0.0315 0)
(0.008 0.0315 0)
(0.009333333333 0.0315 0)
(0.01066666667 0.0315 0)
(0.012 0.0315 0)
(0.01333333333 0.0315 0)
(0.01466666667 0.0315 0)
(0.016 0.0315 0)
(0.01733333333 0.0315 0)
(0.01866666667 0.0315 0)
(0.001333333333 0.027 0)
(0.002666666667 0.027 0)
(0.004 0.027 0)
(0.005333333333 0.027 0)
(0.006666666667 0.027 0)
(0.008 0.027 0)
(0.009333333333 0.027 0)
(0.01066666667 0.027 0)
(0.012 0.027 0)
(0.01333333333 0.027 0)
(0.01466666667 0.027 0)
(0.016 0.027 0)
(0.01733333333 0.027 0)
(0.01866666667 0.027 0)
(0.001333333333 0.0225 0)
(0.002666666667 0.0225 0)
(0.004 0.0225 0)
(0.005333333333 0.0225 0)
(0.006666666667 0.0225 0)
(0.008 0.0225 0)
(0.009333333333 0.0225 0)
(0.01066666667 0.0225 0)
(0.012 0.0225 0)
(0.01333333333 0.0225 0)
(0.01466666667 0.0225 0)
(0.016 0.0225 0)
(0.01733333333 0.0225 0)
(0.01866666667 0.0225 0)
(0.001333333333 0.018 0)
(0.002666666667 0.018 0)
(0.004 0.018 0)
(0.005333333333 0.018 0)
(0.006666666667 0.018 0)
(0.008 0.018 0)
(0.009333333333 0.018 0)
(0.01066666667 0.018 0)
(0.012 0.018 0)
(0.01333333333 0.018 0)
(0.01466666667 0.018 0)
(0.016 0.018 0)
(0.01733333333 0.018 0)
(0.01866666667 0.018 0)
(0.001333333333 0.0135 0)
(0.002666666667 0.0135 0)
(0.004 0.0135 0)
(0.005333333333 0.0135 0)
(0.006666666667 0.0135 0)
(0.008 0.0135 0)
(0.009333333333 0.0135 0)
(0.01066666667 0.0135 0)
(0.012 0.0135 0)
(0.01333333333 0.0135 0)
(0.01466666667 0.0135 0)
(0.016 0.0135 0)
(0.01733333333 0.0135 0)
(0.01866666667 0.0135 0)
(0.001333333333 0.009 0)
(0.002666666667 0.009 0)
(0.004 0.009 0)
(0.005333333333 0.009 0)
(0.006666666667 0.009 0)
(0.008 0.009 0)
(0.009333333333 0.009 0)
(0.01066666667 0.009 0)
(0.012 0.009 0)
(0.01333333333 0.009 0)
(0.01466666667 0.009 0)
(0.016 0.009 0)
(0.01733333333 0.009 0)
(0.01866666667 0.009 0)
(0.001333333333 0.0045 0)
(0.002666666667 0.0045 0)
(0.004 0.0045 0)
(0.005333333333 0.0045 0)
(0.006666666667 0.0045 0)
(0.008 0.0045 0)
(0.009333333333 0.0045 0)
(0.01066666667 0.0045 0)
(0.012 0.0045 0)
(0.01333333333 0.0045 0)
(0.01466666667 0.0045 0)
(0.016 0.0045 0)
(0.01733333333 0.0045 0)
(0.01866666667 0.0045 0)
(0.0285 0.07 0)
(0.032 0.07 0)
(0.0355 0.07 0)
(0.039 0.07 0)
(0.0425 0.07 0)
(0.046 0.07 0)
(0.0495 0.07 0)
(0.053 0.07 0)
(0.0565 0.07 0)
(0.0285 0.05 0)
(0.032 0.05 0)
(0.0355 0.05 0)
(0.039 0.05 0)
(0.0425 0.05 0)
(0.046 0.05 0)
(0.0495 0.05 0)
(0.053 0.05 0)
(0.0565 0.05 0)
(0.0285 0.06866666667 0)
(0.032 0.06866666667 0)
(0.0355 0.06866666667 0)
(0.039 0.06866666667 0)
(0.0425 0.06866666667 0)
(0.046 0.06866666667 0)
(0.0495 0.06866666667 0)
(0.053 0.06866666667 0)
(0.0565 0.06866666667 0)
(0.0285 0.06733333333 0)
(0.032 0.06733333333 0)
(0.0355 0.06733333333 0)
(0.039 0.06733333333 0)
(0.0425 0.06733333333 0)
(0.046 0.06733333333 0)
(0.0495 0.06733333333 0)
(0.053 0.06733333333 0)
(0.0565 0.06733333333 0)
(0.0285 0.066 0)
(0.032 0.066 0)
(0.0355 0.066 0)
(0.039 0.066 0)
(0.0425 0.066 0)
(0.046 0.066 0)
(0.0495 0.066 0)
(0.053 0.066 0)
(0.0565 0.066 0)
(0.0285 0.06466666667 0)
(0.032 0.06466666667 0)
(0.0355 0.06466666667 0)
(0.039 0.06466666667 0)
(0.0425 0.06466666667 0)
(0.046 0.06466666667 0)
(0.0495 0.06466666667 0)
(0.053 0.06466666667 0)
(0.0565 0.06466666667 0)
(0.0285 0.06333333333 0)
(0.032 0.06333333333 0)
(0.0355 0.06333333333 0)
(0.039 0.06333333333 0)
(0.0425 0.06333333333 0)
(0.046 0.06333333333 0)
(0.0495 0.06333333333 0)
(0.053 0.06333333333 0)
(0.0565 0.06333333333 0)
(0.0285 0.062 0)
(0.032 0.062 0)
(0.0355 0.062 0)
(0.039 0.062 0)
(0.0425 0.062 0)
(0.046 0.062 0)
(0.0495 0.062 0)
(0.053 0.062 0)
(0.0565 0.062 0)
(0.0285 0.06066666667 0)
(0.032 0.06066666667 0)
(0.0355 0.06066666667 0)
(0.039 0.06066666667 0)
(0.0425 0.06066666667 0)
(0.046 0.06066666667 0)
(0.0495 0.06066666667 0)
(0.053 0.06066666667 0)
(0.0565 0.06066666667 0)
(0.0285 0.05933333333 0)
(0.032 0.05933333333 0)
(0.0355 0.05933333333 0)
(0.039 0.05933333333 0)
(0.0425 0.05933333333 0)
(0.046 0.05933333333 0)
(0.0495 0.05933333333 0)
(0.053 0.05933333333 0)
(0.0565 0.05933333333 0)
(0.0285 0.058 0)
(0.032 0.058 0)
(0.0355 0.058 0)
(0.039 0.058 0)
(0.0425 0.058 0)
(0.046 0.058 0)
(0.0495 0.058 0)
(0.053 0.058 0)
(0.0565 0.058 0)
(0.0285 0.05666666667 0)
(0.032 0.05666666667 0)
(0.0355 0.05666666667 0)
(0.039 0.05666666667 0)
(0.0425 0.05666666667 0)
(0.046 0.05666666667 0)
(0.0495 0.05666666667 0)
(0.053 0.05666666667 0)
(0.0565 0.05666666667 0)
(0.0285 0.05533333333 0)
(0.032 0.05533333333 0)
(0.0355 0.05533333333 0)
(0.039 0.05533333333 0)
(0.0425 0.05533333333 0)
(0.046 0.05533333333 0)
(0.0495 0.05533333333 0)
(0.053 0.05533333333 0)
(0.0565 0.05533333333 0)
(0.0285 0.054 0)
(0.032 0.054 0)
(0.0355 0.054 0)
(0.039 0.054 0)
(0.0425 0.054 0)
(0.046 0.054 0)
(0.0495 0.054 0)
(0.053 0.054 0)
(0.0565 0.054 0)
(0.0285 0.05266666667 0)
(0.032 0.05266666667 0)
(0.0355 0.05266666667 0)
(0.039 0.05266666667 0)
(0.0425 0.05266666667 0)
(0.046 0.05266666667 0)
(0.0495 0.05266666667 0)
(0.053 0.05266666667 0)
(0.0565 0.05266666667 0)
(0.0285 0.05133333333 0)
(0.032 0.05133333333 0)
(0.0355 0.05133333333 0)
(0.039 0.05133333333 0)
(0.0425 0.05133333333 0)
(0.046 0.05133333333 0)
(0.0495 0.05133333333 0)
(0.053 0.05133333333 0)
(0.0565 0.05133333333 0)
)


// ************************************************************************* //
