/*--------------------------------*- C++ -*----------------------------------*\
| =========                 |                                                 |
| \\      /  F ield         | OpenFOAM: The Open Source CFD Toolbox           |
|  \\    /   O peration     | Version:  2412                                  |
|   \\  /    A nd           | Website:  www.openfoam.com                      |
|    \\/     M anipulation  |                                                 |
\*---------------------------------------------------------------------------*/
FoamFile
{
    version     2.0;
    format      ascii;
    arch        "LSB;label=32;scalar=64";
    note        "nPoints:13570  nCells:6600  nFaces:26584  nInternalFaces:12896";
    class       labelList;
    location    "constant/polyMesh";
    object      neighbour;
}
// * * * * * * * * * * * * * * * * * * * * * * * * * * * * * * * * * * * * * //


12896
(
1
3629
6540
2
3570
6541
3
3511
6542
4
3452
6543
5
3393
6544
6
3334
6545
7
3275
6546
8
3216
6547
9
3157
6548
10
3098
6549
11
3039
6550
12
2980
6551
13
2921
6552
14
2862
6553
15
2803
6554
16
2744
6555
17
2685
6556
18
2626
6557
19
2567
6558
20
2508
6559
21
2449
6560
22
2390
6561
23
2331
6562
24
2272
6563
25
2213
6564
26
2154
6565
27
2095
6566
28
2036
6567
29
1977
6568
30
1918
6569
31
32
1859
33
34
1800
35
36
1741
37
38
1682
39
40
1623
41
42
1564
43
44
1505
45
46
1446
47
48
1387
49
50
1328
51
52
1269
53
54
1210
55
56
1151
57
58
1092
59
60
1033
61
62
974
63
64
915
65
66
856
67
68
797
69
70
738
71
72
679
73
74
620
75
76
561
77
78
502
79
80
443
81
82
384
83
84
325
85
86
266
87
88
207
89
148
91
149
92
150
93
151
94
152
95
153
96
154
97
155
98
156
99
157
100
158
101
159
102
160
103
161
104
162
105
163
106
164
107
165
108
166
109
167
110
168
111
169
112
170
113
171
114
172
115
173
116
174
117
175
118
176
119
177
120
178
121
179
122
180
123
181
124
182
125
183
126
184
127
185
128
186
129
187
130
188
131
189
132
190
133
191
134
192
135
193
136
194
137
195
138
196
139
197
140
198
141
199
142
200
143
201
144
202
145
203
146
204
147
205
148
206
207
150
208
151
209
152
210
153
211
154
212
155
213
156
214
157
215
158
216
159
217
160
218
161
219
162
220
163
221
164
222
165
223
166
224
167
225
168
226
169
227
170
228
171
229
172
230
173
231
174
232
175
233
176
234
177
235
178
236
179
237
180
238
181
239
182
240
183
241
184
242
185
243
186
244
187
245
188
246
189
247
190
248
191
249
192
250
193
251
194
252
195
253
196
254
197
255
198
256
199
257
200
258
201
259
202
260
203
261
204
262
205
263
206
264
207
265
266
209
267
210
268
211
269
212
270
213
271
214
272
215
273
216
274
217
275
218
276
219
277
220
278
221
279
222
280
223
281
224
282
225
283
226
284
227
285
228
286
229
287
230
288
231
289
232
290
233
291
234
292
235
293
236
294
237
295
238
296
239
297
240
298
241
299
242
300
243
301
244
302
245
303
246
304
247
305
248
306
249
307
250
308
251
309
252
310
253
311
254
312
255
313
256
314
257
315
258
316
259
317
260
318
261
319
262
320
263
321
264
322
265
323
266
324
325
268
326
269
327
270
328
271
329
272
330
273
331
274
332
275
333
276
334
277
335
278
336
279
337
280
338
281
339
282
340
283
341
284
342
285
343
286
344
287
345
288
346
289
347
290
348
291
349
292
350
293
351
294
352
295
353
296
354
297
355
298
356
299
357
300
358
301
359
302
360
303
361
304
362
305
363
306
364
307
365
308
366
309
367
310
368
311
369
312
370
313
371
314
372
315
373
316
374
317
375
318
376
319
377
320
378
321
379
322
380
323
381
324
382
325
383
384
327
385
328
386
329
387
330
388
331
389
332
390
333
391
334
392
335
393
336
394
337
395
338
396
339
397
340
398
341
399
342
400
343
401
344
402
345
403
346
404
347
405
348
406
349
407
350
408
351
409
352
410
353
411
354
412
355
413
356
414
357
415
358
416
359
417
360
418
361
419
362
420
363
421
364
422
365
423
366
424
367
425
368
426
369
427
370
428
371
429
372
430
373
431
374
432
375
433
376
434
377
435
378
436
379
437
380
438
381
439
382
440
383
441
384
442
443
386
444
387
445
388
446
389
447
390
448
391
449
392
450
393
451
394
452
395
453
396
454
397
455
398
456
399
457
400
458
401
459
402
460
403
461
404
462
405
463
406
464
407
465
408
466
409
467
410
468
411
469
412
470
413
471
414
472
415
473
416
474
417
475
418
476
419
477
420
478
421
479
422
480
423
481
424
482
425
483
426
484
427
485
428
486
429
487
430
488
431
489
432
490
433
491
434
492
435
493
436
494
437
495
438
496
439
497
440
498
441
499
442
500
443
501
502
445
503
446
504
447
505
448
506
449
507
450
508
451
509
452
510
453
511
454
512
455
513
456
514
457
515
458
516
459
517
460
518
461
519
462
520
463
521
464
522
465
523
466
524
467
525
468
526
469
527
470
528
471
529
472
530
473
531
474
532
475
533
476
534
477
535
478
536
479
537
480
538
481
539
482
540
483
541
484
542
485
543
486
544
487
545
488
546
489
547
490
548
491
549
492
550
493
551
494
552
495
553
496
554
497
555
498
556
499
557
500
558
501
559
502
560
561
504
562
505
563
506
564
507
565
508
566
509
567
510
568
511
569
512
570
513
571
514
572
515
573
516
574
517
575
518
576
519
577
520
578
521
579
522
580
523
581
524
582
525
583
526
584
527
585
528
586
529
587
530
588
531
589
532
590
533
591
534
592
535
593
536
594
537
595
538
596
539
597
540
598
541
599
542
600
543
601
544
602
545
603
546
604
547
605
548
606
549
607
550
608
551
609
552
610
553
611
554
612
555
613
556
614
557
615
558
616
559
617
560
618
561
619
620
563
621
564
622
565
623
566
624
567
625
568
626
569
627
570
628
571
629
572
630
573
631
574
632
575
633
576
634
577
635
578
636
579
637
580
638
581
639
582
640
583
641
584
642
585
643
586
644
587
645
588
646
589
647
590
648
591
649
592
650
593
651
594
652
595
653
596
654
597
655
598
656
599
657
600
658
601
659
602
660
603
661
604
662
605
663
606
664
607
665
608
666
609
667
610
668
611
669
612
670
613
671
614
672
615
673
616
674
617
675
618
676
619
677
620
678
679
622
680
623
681
624
682
625
683
626
684
627
685
628
686
629
687
630
688
631
689
632
690
633
691
634
692
635
693
636
694
637
695
638
696
639
697
640
698
641
699
642
700
643
701
644
702
645
703
646
704
647
705
648
706
649
707
650
708
651
709
652
710
653
711
654
712
655
713
656
714
657
715
658
716
659
717
660
718
661
719
662
720
663
721
664
722
665
723
666
724
667
725
668
726
669
727
670
728
671
729
672
730
673
731
674
732
675
733
676
734
677
735
678
736
679
737
738
681
739
682
740
683
741
684
742
685
743
686
744
687
745
688
746
689
747
690
748
691
749
692
750
693
751
694
752
695
753
696
754
697
755
698
756
699
757
700
758
701
759
702
760
703
761
704
762
705
763
706
764
707
765
708
766
709
767
710
768
711
769
712
770
713
771
714
772
715
773
716
774
717
775
718
776
719
777
720
778
721
779
722
780
723
781
724
782
725
783
726
784
727
785
728
786
729
787
730
788
731
789
732
790
733
791
734
792
735
793
736
794
737
795
738
796
797
740
798
741
799
742
800
743
801
744
802
745
803
746
804
747
805
748
806
749
807
750
808
751
809
752
810
753
811
754
812
755
813
756
814
757
815
758
816
759
817
760
818
761
819
762
820
763
821
764
822
765
823
766
824
767
825
768
826
769
827
770
828
771
829
772
830
773
831
774
832
775
833
776
834
777
835
778
836
779
837
780
838
781
839
782
840
783
841
784
842
785
843
786
844
787
845
788
846
789
847
790
848
791
849
792
850
793
851
794
852
795
853
796
854
797
855
856
799
857
800
858
801
859
802
860
803
861
804
862
805
863
806
864
807
865
808
866
809
867
810
868
811
869
812
870
813
871
814
872
815
873
816
874
817
875
818
876
819
877
820
878
821
879
822
880
823
881
824
882
825
883
826
884
827
885
828
886
829
887
830
888
831
889
832
890
833
891
834
892
835
893
836
894
837
895
838
896
839
897
840
898
841
899
842
900
843
901
844
902
845
903
846
904
847
905
848
906
849
907
850
908
851
909
852
910
853
911
854
912
855
913
856
914
915
858
916
859
917
860
918
861
919
862
920
863
921
864
922
865
923
866
924
867
925
868
926
869
927
870
928
871
929
872
930
873
931
874
932
875
933
876
934
877
935
878
936
879
937
880
938
881
939
882
940
883
941
884
942
885
943
886
944
887
945
888
946
889
947
890
948
891
949
892
950
893
951
894
952
895
953
896
954
897
955
898
956
899
957
900
958
901
959
902
960
903
961
904
962
905
963
906
964
907
965
908
966
909
967
910
968
911
969
912
970
913
971
914
972
915
973
974
917
975
918
976
919
977
920
978
921
979
922
980
923
981
924
982
925
983
926
984
927
985
928
986
929
987
930
988
931
989
932
990
933
991
934
992
935
993
936
994
937
995
938
996
939
997
940
998
941
999
942
1000
943
1001
944
1002
945
1003
946
1004
947
1005
948
1006
949
1007
950
1008
951
1009
952
1010
953
1011
954
1012
955
1013
956
1014
957
1015
958
1016
959
1017
960
1018
961
1019
962
1020
963
1021
964
1022
965
1023
966
1024
967
1025
968
1026
969
1027
970
1028
971
1029
972
1030
973
1031
974
1032
1033
976
1034
977
1035
978
1036
979
1037
980
1038
981
1039
982
1040
983
1041
984
1042
985
1043
986
1044
987
1045
988
1046
989
1047
990
1048
991
1049
992
1050
993
1051
994
1052
995
1053
996
1054
997
1055
998
1056
999
1057
1000
1058
1001
1059
1002
1060
1003
1061
1004
1062
1005
1063
1006
1064
1007
1065
1008
1066
1009
1067
1010
1068
1011
1069
1012
1070
1013
1071
1014
1072
1015
1073
1016
1074
1017
1075
1018
1076
1019
1077
1020
1078
1021
1079
1022
1080
1023
1081
1024
1082
1025
1083
1026
1084
1027
1085
1028
1086
1029
1087
1030
1088
1031
1089
1032
1090
1033
1091
1092
1035
1093
1036
1094
1037
1095
1038
1096
1039
1097
1040
1098
1041
1099
1042
1100
1043
1101
1044
1102
1045
1103
1046
1104
1047
1105
1048
1106
1049
1107
1050
1108
1051
1109
1052
1110
1053
1111
1054
1112
1055
1113
1056
1114
1057
1115
1058
1116
1059
1117
1060
1118
1061
1119
1062
1120
1063
1121
1064
1122
1065
1123
1066
1124
1067
1125
1068
1126
1069
1127
1070
1128
1071
1129
1072
1130
1073
1131
1074
1132
1075
1133
1076
1134
1077
1135
1078
1136
1079
1137
1080
1138
1081
1139
1082
1140
1083
1141
1084
1142
1085
1143
1086
1144
1087
1145
1088
1146
1089
1147
1090
1148
1091
1149
1092
1150
1151
1094
1152
1095
1153
1096
1154
1097
1155
1098
1156
1099
1157
1100
1158
1101
1159
1102
1160
1103
1161
1104
1162
1105
1163
1106
1164
1107
1165
1108
1166
1109
1167
1110
1168
1111
1169
1112
1170
1113
1171
1114
1172
1115
1173
1116
1174
1117
1175
1118
1176
1119
1177
1120
1178
1121
1179
1122
1180
1123
1181
1124
1182
1125
1183
1126
1184
1127
1185
1128
1186
1129
1187
1130
1188
1131
1189
1132
1190
1133
1191
1134
1192
1135
1193
1136
1194
1137
1195
1138
1196
1139
1197
1140
1198
1141
1199
1142
1200
1143
1201
1144
1202
1145
1203
1146
1204
1147
1205
1148
1206
1149
1207
1150
1208
1151
1209
1210
1153
1211
1154
1212
1155
1213
1156
1214
1157
1215
1158
1216
1159
1217
1160
1218
1161
1219
1162
1220
1163
1221
1164
1222
1165
1223
1166
1224
1167
1225
1168
1226
1169
1227
1170
1228
1171
1229
1172
1230
1173
1231
1174
1232
1175
1233
1176
1234
1177
1235
1178
1236
1179
1237
1180
1238
1181
1239
1182
1240
1183
1241
1184
1242
1185
1243
1186
1244
1187
1245
1188
1246
1189
1247
1190
1248
1191
1249
1192
1250
1193
1251
1194
1252
1195
1253
1196
1254
1197
1255
1198
1256
1199
1257
1200
1258
1201
1259
1202
1260
1203
1261
1204
1262
1205
1263
1206
1264
1207
1265
1208
1266
1209
1267
1210
1268
1269
1212
1270
1213
1271
1214
1272
1215
1273
1216
1274
1217
1275
1218
1276
1219
1277
1220
1278
1221
1279
1222
1280
1223
1281
1224
1282
1225
1283
1226
1284
1227
1285
1228
1286
1229
1287
1230
1288
1231
1289
1232
1290
1233
1291
1234
1292
1235
1293
1236
1294
1237
1295
1238
1296
1239
1297
1240
1298
1241
1299
1242
1300
1243
1301
1244
1302
1245
1303
1246
1304
1247
1305
1248
1306
1249
1307
1250
1308
1251
1309
1252
1310
1253
1311
1254
1312
1255
1313
1256
1314
1257
1315
1258
1316
1259
1317
1260
1318
1261
1319
1262
1320
1263
1321
1264
1322
1265
1323
1266
1324
1267
1325
1268
1326
1269
1327
1328
1271
1329
1272
1330
1273
1331
1274
1332
1275
1333
1276
1334
1277
1335
1278
1336
1279
1337
1280
1338
1281
1339
1282
1340
1283
1341
1284
1342
1285
1343
1286
1344
1287
1345
1288
1346
1289
1347
1290
1348
1291
1349
1292
1350
1293
1351
1294
1352
1295
1353
1296
1354
1297
1355
1298
1356
1299
1357
1300
1358
1301
1359
1302
1360
1303
1361
1304
1362
1305
1363
1306
1364
1307
1365
1308
1366
1309
1367
1310
1368
1311
1369
1312
1370
1313
1371
1314
1372
1315
1373
1316
1374
1317
1375
1318
1376
1319
1377
1320
1378
1321
1379
1322
1380
1323
1381
1324
1382
1325
1383
1326
1384
1327
1385
1328
1386
1387
1330
1388
1331
1389
1332
1390
1333
1391
1334
1392
1335
1393
1336
1394
1337
1395
1338
1396
1339
1397
1340
1398
1341
1399
1342
1400
1343
1401
1344
1402
1345
1403
1346
1404
1347
1405
1348
1406
1349
1407
1350
1408
1351
1409
1352
1410
1353
1411
1354
1412
1355
1413
1356
1414
1357
1415
1358
1416
1359
1417
1360
1418
1361
1419
1362
1420
1363
1421
1364
1422
1365
1423
1366
1424
1367
1425
1368
1426
1369
1427
1370
1428
1371
1429
1372
1430
1373
1431
1374
1432
1375
1433
1376
1434
1377
1435
1378
1436
1379
1437
1380
1438
1381
1439
1382
1440
1383
1441
1384
1442
1385
1443
1386
1444
1387
1445
1446
1389
1447
1390
1448
1391
1449
1392
1450
1393
1451
1394
1452
1395
1453
1396
1454
1397
1455
1398
1456
1399
1457
1400
1458
1401
1459
1402
1460
1403
1461
1404
1462
1405
1463
1406
1464
1407
1465
1408
1466
1409
1467
1410
1468
1411
1469
1412
1470
1413
1471
1414
1472
1415
1473
1416
1474
1417
1475
1418
1476
1419
1477
1420
1478
1421
1479
1422
1480
1423
1481
1424
1482
1425
1483
1426
1484
1427
1485
1428
1486
1429
1487
1430
1488
1431
1489
1432
1490
1433
1491
1434
1492
1435
1493
1436
1494
1437
1495
1438
1496
1439
1497
1440
1498
1441
1499
1442
1500
1443
1501
1444
1502
1445
1503
1446
1504
1505
1448
1506
1449
1507
1450
1508
1451
1509
1452
1510
1453
1511
1454
1512
1455
1513
1456
1514
1457
1515
1458
1516
1459
1517
1460
1518
1461
1519
1462
1520
1463
1521
1464
1522
1465
1523
1466
1524
1467
1525
1468
1526
1469
1527
1470
1528
1471
1529
1472
1530
1473
1531
1474
1532
1475
1533
1476
1534
1477
1535
1478
1536
1479
1537
1480
1538
1481
1539
1482
1540
1483
1541
1484
1542
1485
1543
1486
1544
1487
1545
1488
1546
1489
1547
1490
1548
1491
1549
1492
1550
1493
1551
1494
1552
1495
1553
1496
1554
1497
1555
1498
1556
1499
1557
1500
1558
1501
1559
1502
1560
1503
1561
1504
1562
1505
1563
1564
1507
1565
1508
1566
1509
1567
1510
1568
1511
1569
1512
1570
1513
1571
1514
1572
1515
1573
1516
1574
1517
1575
1518
1576
1519
1577
1520
1578
1521
1579
1522
1580
1523
1581
1524
1582
1525
1583
1526
1584
1527
1585
1528
1586
1529
1587
1530
1588
1531
1589
1532
1590
1533
1591
1534
1592
1535
1593
1536
1594
1537
1595
1538
1596
1539
1597
1540
1598
1541
1599
1542
1600
1543
1601
1544
1602
1545
1603
1546
1604
1547
1605
1548
1606
1549
1607
1550
1608
1551
1609
1552
1610
1553
1611
1554
1612
1555
1613
1556
1614
1557
1615
1558
1616
1559
1617
1560
1618
1561
1619
1562
1620
1563
1621
1564
1622
1623
1566
1624
1567
1625
1568
1626
1569
1627
1570
1628
1571
1629
1572
1630
1573
1631
1574
1632
1575
1633
1576
1634
1577
1635
1578
1636
1579
1637
1580
1638
1581
1639
1582
1640
1583
1641
1584
1642
1585
1643
1586
1644
1587
1645
1588
1646
1589
1647
1590
1648
1591
1649
1592
1650
1593
1651
1594
1652
1595
1653
1596
1654
1597
1655
1598
1656
1599
1657
1600
1658
1601
1659
1602
1660
1603
1661
1604
1662
1605
1663
1606
1664
1607
1665
1608
1666
1609
1667
1610
1668
1611
1669
1612
1670
1613
1671
1614
1672
1615
1673
1616
1674
1617
1675
1618
1676
1619
1677
1620
1678
1621
1679
1622
1680
1623
1681
1682
1625
1683
1626
1684
1627
1685
1628
1686
1629
1687
1630
1688
1631
1689
1632
1690
1633
1691
1634
1692
1635
1693
1636
1694
1637
1695
1638
1696
1639
1697
1640
1698
1641
1699
1642
1700
1643
1701
1644
1702
1645
1703
1646
1704
1647
1705
1648
1706
1649
1707
1650
1708
1651
1709
1652
1710
1653
1711
1654
1712
1655
1713
1656
1714
1657
1715
1658
1716
1659
1717
1660
1718
1661
1719
1662
1720
1663
1721
1664
1722
1665
1723
1666
1724
1667
1725
1668
1726
1669
1727
1670
1728
1671
1729
1672
1730
1673
1731
1674
1732
1675
1733
1676
1734
1677
1735
1678
1736
1679
1737
1680
1738
1681
1739
1682
1740
1741
1684
1742
1685
1743
1686
1744
1687
1745
1688
1746
1689
1747
1690
1748
1691
1749
1692
1750
1693
1751
1694
1752
1695
1753
1696
1754
1697
1755
1698
1756
1699
1757
1700
1758
1701
1759
1702
1760
1703
1761
1704
1762
1705
1763
1706
1764
1707
1765
1708
1766
1709
1767
1710
1768
1711
1769
1712
1770
1713
1771
1714
1772
1715
1773
1716
1774
1717
1775
1718
1776
1719
1777
1720
1778
1721
1779
1722
1780
1723
1781
1724
1782
1725
1783
1726
1784
1727
1785
1728
1786
1729
1787
1730
1788
1731
1789
1732
1790
1733
1791
1734
1792
1735
1793
1736
1794
1737
1795
1738
1796
1739
1797
1740
1798
1741
1799
1800
1743
1801
1744
1802
1745
1803
1746
1804
1747
1805
1748
1806
1749
1807
1750
1808
1751
1809
1752
1810
1753
1811
1754
1812
1755
1813
1756
1814
1757
1815
1758
1816
1759
1817
1760
1818
1761
1819
1762
1820
1763
1821
1764
1822
1765
1823
1766
1824
1767
1825
1768
1826
1769
1827
1770
1828
1771
1829
1772
1830
1773
1831
1774
1832
1775
1833
1776
1834
1777
1835
1778
1836
1779
1837
1780
1838
1781
1839
1782
1840
1783
1841
1784
1842
1785
1843
1786
1844
1787
1845
1788
1846
1789
1847
1790
1848
1791
1849
1792
1850
1793
1851
1794
1852
1795
1853
1796
1854
1797
1855
1798
1856
1799
1857
1800
1858
1859
1802
1860
1803
1861
1804
1862
1805
1863
1806
1864
1807
1865
1808
1866
1809
1867
1810
1868
1811
1869
1812
1870
1813
1871
1814
1872
1815
1873
1816
1874
1817
1875
1818
1876
1819
1877
1820
1878
1821
1879
1822
1880
1823
1881
1824
1882
1825
1883
1826
1884
1827
1885
1828
1886
1829
1887
1830
1888
1831
1889
1832
1890
1833
1891
1834
1892
1835
1893
1836
1894
1837
1895
1838
1896
1839
1897
1840
1898
1841
1899
1842
1900
1843
1901
1844
1902
1845
1903
1846
1904
1847
1905
1848
1906
1849
1907
1850
1908
1851
1909
1852
1910
1853
1911
1854
1912
1855
1913
1856
1914
1857
1915
1858
1916
1859
1917
1918
1861
1919
1862
1920
1863
1921
1864
1922
1865
1923
1866
1924
1867
1925
1868
1926
1869
1927
1870
1928
1871
1929
1872
1930
1873
1931
1874
1932
1875
1933
1876
1934
1877
1935
1878
1936
1879
1937
1880
1938
1881
1939
1882
1940
1883
1941
1884
1942
1885
1943
1886
1944
1887
1945
1888
1946
1889
1947
1890
1948
1891
1949
1892
1950
1893
1951
1894
1952
1895
1953
1896
1954
1897
1955
1898
1956
1899
1957
1900
1958
1901
1959
1902
1960
1903
1961
1904
1962
1905
1963
1906
1964
1907
1965
1908
1966
1909
1967
1910
1968
1911
1969
1912
1970
1913
1971
1914
1972
1915
1973
1916
1974
1917
1975
1918
1976
1977
1920
1978
1921
1979
1922
1980
1923
1981
1924
1982
1925
1983
1926
1984
1927
1985
1928
1986
1929
1987
1930
1988
1931
1989
1932
1990
1933
1991
1934
1992
1935
1993
1936
1994
1937
1995
1938
1996
1939
1997
1940
1998
1941
1999
1942
2000
1943
2001
1944
2002
1945
2003
1946
2004
1947
2005
1948
2006
1949
2007
1950
2008
1951
2009
1952
2010
1953
2011
1954
2012
1955
2013
1956
2014
1957
2015
1958
2016
1959
2017
1960
2018
1961
2019
1962
2020
1963
2021
1964
2022
1965
2023
1966
2024
1967
2025
1968
2026
1969
2027
1970
2028
1971
2029
1972
2030
1973
2031
1974
2032
1975
2033
1976
2034
1977
2035
2036
1979
2037
1980
2038
1981
2039
1982
2040
1983
2041
1984
2042
1985
2043
1986
2044
1987
2045
1988
2046
1989
2047
1990
2048
1991
2049
1992
2050
1993
2051
1994
2052
1995
2053
1996
2054
1997
2055
1998
2056
1999
2057
2000
2058
2001
2059
2002
2060
2003
2061
2004
2062
2005
2063
2006
2064
2007
2065
2008
2066
2009
2067
2010
2068
2011
2069
2012
2070
2013
2071
2014
2072
2015
2073
2016
2074
2017
2075
2018
2076
2019
2077
2020
2078
2021
2079
2022
2080
2023
2081
2024
2082
2025
2083
2026
2084
2027
2085
2028
2086
2029
2087
2030
2088
2031
2089
2032
2090
2033
2091
2034
2092
2035
2093
2036
2094
2095
2038
2096
2039
2097
2040
2098
2041
2099
2042
2100
2043
2101
2044
2102
2045
2103
2046
2104
2047
2105
2048
2106
2049
2107
2050
2108
2051
2109
2052
2110
2053
2111
2054
2112
2055
2113
2056
2114
2057
2115
2058
2116
2059
2117
2060
2118
2061
2119
2062
2120
2063
2121
2064
2122
2065
2123
2066
2124
2067
2125
2068
2126
2069
2127
2070
2128
2071
2129
2072
2130
2073
2131
2074
2132
2075
2133
2076
2134
2077
2135
2078
2136
2079
2137
2080
2138
2081
2139
2082
2140
2083
2141
2084
2142
2085
2143
2086
2144
2087
2145
2088
2146
2089
2147
2090
2148
2091
2149
2092
2150
2093
2151
2094
2152
2095
2153
2154
2097
2155
2098
2156
2099
2157
2100
2158
2101
2159
2102
2160
2103
2161
2104
2162
2105
2163
2106
2164
2107
2165
2108
2166
2109
2167
2110
2168
2111
2169
2112
2170
2113
2171
2114
2172
2115
2173
2116
2174
2117
2175
2118
2176
2119
2177
2120
2178
2121
2179
2122
2180
2123
2181
2124
2182
2125
2183
2126
2184
2127
2185
2128
2186
2129
2187
2130
2188
2131
2189
2132
2190
2133
2191
2134
2192
2135
2193
2136
2194
2137
2195
2138
2196
2139
2197
2140
2198
2141
2199
2142
2200
2143
2201
2144
2202
2145
2203
2146
2204
2147
2205
2148
2206
2149
2207
2150
2208
2151
2209
2152
2210
2153
2211
2154
2212
2213
2156
2214
2157
2215
2158
2216
2159
2217
2160
2218
2161
2219
2162
2220
2163
2221
2164
2222
2165
2223
2166
2224
2167
2225
2168
2226
2169
2227
2170
2228
2171
2229
2172
2230
2173
2231
2174
2232
2175
2233
2176
2234
2177
2235
2178
2236
2179
2237
2180
2238
2181
2239
2182
2240
2183
2241
2184
2242
2185
2243
2186
2244
2187
2245
2188
2246
2189
2247
2190
2248
2191
2249
2192
2250
2193
2251
2194
2252
2195
2253
2196
2254
2197
2255
2198
2256
2199
2257
2200
2258
2201
2259
2202
2260
2203
2261
2204
2262
2205
2263
2206
2264
2207
2265
2208
2266
2209
2267
2210
2268
2211
2269
2212
2270
2213
2271
2272
2215
2273
2216
2274
2217
2275
2218
2276
2219
2277
2220
2278
2221
2279
2222
2280
2223
2281
2224
2282
2225
2283
2226
2284
2227
2285
2228
2286
2229
2287
2230
2288
2231
2289
2232
2290
2233
2291
2234
2292
2235
2293
2236
2294
2237
2295
2238
2296
2239
2297
2240
2298
2241
2299
2242
2300
2243
2301
2244
2302
2245
2303
2246
2304
2247
2305
2248
2306
2249
2307
2250
2308
2251
2309
2252
2310
2253
2311
2254
2312
2255
2313
2256
2314
2257
2315
2258
2316
2259
2317
2260
2318
2261
2319
2262
2320
2263
2321
2264
2322
2265
2323
2266
2324
2267
2325
2268
2326
2269
2327
2270
2328
2271
2329
2272
2330
2331
2274
2332
2275
2333
2276
2334
2277
2335
2278
2336
2279
2337
2280
2338
2281
2339
2282
2340
2283
2341
2284
2342
2285
2343
2286
2344
2287
2345
2288
2346
2289
2347
2290
2348
2291
2349
2292
2350
2293
2351
2294
2352
2295
2353
2296
2354
2297
2355
2298
2356
2299
2357
2300
2358
2301
2359
2302
2360
2303
2361
2304
2362
2305
2363
2306
2364
2307
2365
2308
2366
2309
2367
2310
2368
2311
2369
2312
2370
2313
2371
2314
2372
2315
2373
2316
2374
2317
2375
2318
2376
2319
2377
2320
2378
2321
2379
2322
2380
2323
2381
2324
2382
2325
2383
2326
2384
2327
2385
2328
2386
2329
2387
2330
2388
2331
2389
2390
2333
2391
2334
2392
2335
2393
2336
2394
2337
2395
2338
2396
2339
2397
2340
2398
2341
2399
2342
2400
2343
2401
2344
2402
2345
2403
2346
2404
2347
2405
2348
2406
2349
2407
2350
2408
2351
2409
2352
2410
2353
2411
2354
2412
2355
2413
2356
2414
2357
2415
2358
2416
2359
2417
2360
2418
2361
2419
2362
2420
2363
2421
2364
2422
2365
2423
2366
2424
2367
2425
2368
2426
2369
2427
2370
2428
2371
2429
2372
2430
2373
2431
2374
2432
2375
2433
2376
2434
2377
2435
2378
2436
2379
2437
2380
2438
2381
2439
2382
2440
2383
2441
2384
2442
2385
2443
2386
2444
2387
2445
2388
2446
2389
2447
2390
2448
2449
2392
2450
2393
2451
2394
2452
2395
2453
2396
2454
2397
2455
2398
2456
2399
2457
2400
2458
2401
2459
2402
2460
2403
2461
2404
2462
2405
2463
2406
2464
2407
2465
2408
2466
2409
2467
2410
2468
2411
2469
2412
2470
2413
2471
2414
2472
2415
2473
2416
2474
2417
2475
2418
2476
2419
2477
2420
2478
2421
2479
2422
2480
2423
2481
2424
2482
2425
2483
2426
2484
2427
2485
2428
2486
2429
2487
2430
2488
2431
2489
2432
2490
2433
2491
2434
2492
2435
2493
2436
2494
2437
2495
2438
2496
2439
2497
2440
2498
2441
2499
2442
2500
2443
2501
2444
2502
2445
2503
2446
2504
2447
2505
2448
2506
2449
2507
2508
2451
2509
2452
2510
2453
2511
2454
2512
2455
2513
2456
2514
2457
2515
2458
2516
2459
2517
2460
2518
2461
2519
2462
2520
2463
2521
2464
2522
2465
2523
2466
2524
2467
2525
2468
2526
2469
2527
2470
2528
2471
2529
2472
2530
2473
2531
2474
2532
2475
2533
2476
2534
2477
2535
2478
2536
2479
2537
2480
2538
2481
2539
2482
2540
2483
2541
2484
2542
2485
2543
2486
2544
2487
2545
2488
2546
2489
2547
2490
2548
2491
2549
2492
2550
2493
2551
2494
2552
2495
2553
2496
2554
2497
2555
2498
2556
2499
2557
2500
2558
2501
2559
2502
2560
2503
2561
2504
2562
2505
2563
2506
2564
2507
2565
2508
2566
2567
2510
2568
2511
2569
2512
2570
2513
2571
2514
2572
2515
2573
2516
2574
2517
2575
2518
2576
2519
2577
2520
2578
2521
2579
2522
2580
2523
2581
2524
2582
2525
2583
2526
2584
2527
2585
2528
2586
2529
2587
2530
2588
2531
2589
2532
2590
2533
2591
2534
2592
2535
2593
2536
2594
2537
2595
2538
2596
2539
2597
2540
2598
2541
2599
2542
2600
2543
2601
2544
2602
2545
2603
2546
2604
2547
2605
2548
2606
2549
2607
2550
2608
2551
2609
2552
2610
2553
2611
2554
2612
2555
2613
2556
2614
2557
2615
2558
2616
2559
2617
2560
2618
2561
2619
2562
2620
2563
2621
2564
2622
2565
2623
2566
2624
2567
2625
2626
2569
2627
2570
2628
2571
2629
2572
2630
2573
2631
2574
2632
2575
2633
2576
2634
2577
2635
2578
2636
2579
2637
2580
2638
2581
2639
2582
2640
2583
2641
2584
2642
2585
2643
2586
2644
2587
2645
2588
2646
2589
2647
2590
2648
2591
2649
2592
2650
2593
2651
2594
2652
2595
2653
2596
2654
2597
2655
2598
2656
2599
2657
2600
2658
2601
2659
2602
2660
2603
2661
2604
2662
2605
2663
2606
2664
2607
2665
2608
2666
2609
2667
2610
2668
2611
2669
2612
2670
2613
2671
2614
2672
2615
2673
2616
2674
2617
2675
2618
2676
2619
2677
2620
2678
2621
2679
2622
2680
2623
2681
2624
2682
2625
2683
2626
2684
2685
2628
2686
2629
2687
2630
2688
2631
2689
2632
2690
2633
2691
2634
2692
2635
2693
2636
2694
2637
2695
2638
2696
2639
2697
2640
2698
2641
2699
2642
2700
2643
2701
2644
2702
2645
2703
2646
2704
2647
2705
2648
2706
2649
2707
2650
2708
2651
2709
2652
2710
2653
2711
2654
2712
2655
2713
2656
2714
2657
2715
2658
2716
2659
2717
2660
2718
2661
2719
2662
2720
2663
2721
2664
2722
2665
2723
2666
2724
2667
2725
2668
2726
2669
2727
2670
2728
2671
2729
2672
2730
2673
2731
2674
2732
2675
2733
2676
2734
2677
2735
2678
2736
2679
2737
2680
2738
2681
2739
2682
2740
2683
2741
2684
2742
2685
2743
2744
2687
2745
2688
2746
2689
2747
2690
2748
2691
2749
2692
2750
2693
2751
2694
2752
2695
2753
2696
2754
2697
2755
2698
2756
2699
2757
2700
2758
2701
2759
2702
2760
2703
2761
2704
2762
2705
2763
2706
2764
2707
2765
2708
2766
2709
2767
2710
2768
2711
2769
2712
2770
2713
2771
2714
2772
2715
2773
2716
2774
2717
2775
2718
2776
2719
2777
2720
2778
2721
2779
2722
2780
2723
2781
2724
2782
2725
2783
2726
2784
2727
2785
2728
2786
2729
2787
2730
2788
2731
2789
2732
2790
2733
2791
2734
2792
2735
2793
2736
2794
2737
2795
2738
2796
2739
2797
2740
2798
2741
2799
2742
2800
2743
2801
2744
2802
2803
2746
2804
2747
2805
2748
2806
2749
2807
2750
2808
2751
2809
2752
2810
2753
2811
2754
2812
2755
2813
2756
2814
2757
2815
2758
2816
2759
2817
2760
2818
2761
2819
2762
2820
2763
2821
2764
2822
2765
2823
2766
2824
2767
2825
2768
2826
2769
2827
2770
2828
2771
2829
2772
2830
2773
2831
2774
2832
2775
2833
2776
2834
2777
2835
2778
2836
2779
2837
2780
2838
2781
2839
2782
2840
2783
2841
2784
2842
2785
2843
2786
2844
2787
2845
2788
2846
2789
2847
2790
2848
2791
2849
2792
2850
2793
2851
2794
2852
2795
2853
2796
2854
2797
2855
2798
2856
2799
2857
2800
2858
2801
2859
2802
2860
2803
2861
2862
2805
2863
2806
2864
2807
2865
2808
2866
2809
2867
2810
2868
2811
2869
2812
2870
2813
2871
2814
2872
2815
2873
2816
2874
2817
2875
2818
2876
2819
2877
2820
2878
2821
2879
2822
2880
2823
2881
2824
2882
2825
2883
2826
2884
2827
2885
2828
2886
2829
2887
2830
2888
2831
2889
2832
2890
2833
2891
2834
2892
2835
2893
2836
2894
2837
2895
2838
2896
2839
2897
2840
2898
2841
2899
2842
2900
2843
2901
2844
2902
2845
2903
2846
2904
2847
2905
2848
2906
2849
2907
2850
2908
2851
2909
2852
2910
2853
2911
2854
2912
2855
2913
2856
2914
2857
2915
2858
2916
2859
2917
2860
2918
2861
2919
2862
2920
2921
2864
2922
2865
2923
2866
2924
2867
2925
2868
2926
2869
2927
2870
2928
2871
2929
2872
2930
2873
2931
2874
2932
2875
2933
2876
2934
2877
2935
2878
2936
2879
2937
2880
2938
2881
2939
2882
2940
2883
2941
2884
2942
2885
2943
2886
2944
2887
2945
2888
2946
2889
2947
2890
2948
2891
2949
2892
2950
2893
2951
2894
2952
2895
2953
2896
2954
2897
2955
2898
2956
2899
2957
2900
2958
2901
2959
2902
2960
2903
2961
2904
2962
2905
2963
2906
2964
2907
2965
2908
2966
2909
2967
2910
2968
2911
2969
2912
2970
2913
2971
2914
2972
2915
2973
2916
2974
2917
2975
2918
2976
2919
2977
2920
2978
2921
2979
2980
2923
2981
2924
2982
2925
2983
2926
2984
2927
2985
2928
2986
2929
2987
2930
2988
2931
2989
2932
2990
2933
2991
2934
2992
2935
2993
2936
2994
2937
2995
2938
2996
2939
2997
2940
2998
2941
2999
2942
3000
2943
3001
2944
3002
2945
3003
2946
3004
2947
3005
2948
3006
2949
3007
2950
3008
2951
3009
2952
3010
2953
3011
2954
3012
2955
3013
2956
3014
2957
3015
2958
3016
2959
3017
2960
3018
2961
3019
2962
3020
2963
3021
2964
3022
2965
3023
2966
3024
2967
3025
2968
3026
2969
3027
2970
3028
2971
3029
2972
3030
2973
3031
2974
3032
2975
3033
2976
3034
2977
3035
2978
3036
2979
3037
2980
3038
3039
2982
3040
2983
3041
2984
3042
2985
3043
2986
3044
2987
3045
2988
3046
2989
3047
2990
3048
2991
3049
2992
3050
2993
3051
2994
3052
2995
3053
2996
3054
2997
3055
2998
3056
2999
3057
3000
3058
3001
3059
3002
3060
3003
3061
3004
3062
3005
3063
3006
3064
3007
3065
3008
3066
3009
3067
3010
3068
3011
3069
3012
3070
3013
3071
3014
3072
3015
3073
3016
3074
3017
3075
3018
3076
3019
3077
3020
3078
3021
3079
3022
3080
3023
3081
3024
3082
3025
3083
3026
3084
3027
3085
3028
3086
3029
3087
3030
3088
3031
3089
3032
3090
3033
3091
3034
3092
3035
3093
3036
3094
3037
3095
3038
3096
3039
3097
3098
3041
3099
3042
3100
3043
3101
3044
3102
3045
3103
3046
3104
3047
3105
3048
3106
3049
3107
3050
3108
3051
3109
3052
3110
3053
3111
3054
3112
3055
3113
3056
3114
3057
3115
3058
3116
3059
3117
3060
3118
3061
3119
3062
3120
3063
3121
3064
3122
3065
3123
3066
3124
3067
3125
3068
3126
3069
3127
3070
3128
3071
3129
3072
3130
3073
3131
3074
3132
3075
3133
3076
3134
3077
3135
3078
3136
3079
3137
3080
3138
3081
3139
3082
3140
3083
3141
3084
3142
3085
3143
3086
3144
3087
3145
3088
3146
3089
3147
3090
3148
3091
3149
3092
3150
3093
3151
3094
3152
3095
3153
3096
3154
3097
3155
3098
3156
3157
3100
3158
3101
3159
3102
3160
3103
3161
3104
3162
3105
3163
3106
3164
3107
3165
3108
3166
3109
3167
3110
3168
3111
3169
3112
3170
3113
3171
3114
3172
3115
3173
3116
3174
3117
3175
3118
3176
3119
3177
3120
3178
3121
3179
3122
3180
3123
3181
3124
3182
3125
3183
3126
3184
3127
3185
3128
3186
3129
3187
3130
3188
3131
3189
3132
3190
3133
3191
3134
3192
3135
3193
3136
3194
3137
3195
3138
3196
3139
3197
3140
3198
3141
3199
3142
3200
3143
3201
3144
3202
3145
3203
3146
3204
3147
3205
3148
3206
3149
3207
3150
3208
3151
3209
3152
3210
3153
3211
3154
3212
3155
3213
3156
3214
3157
3215
3216
3159
3217
3160
3218
3161
3219
3162
3220
3163
3221
3164
3222
3165
3223
3166
3224
3167
3225
3168
3226
3169
3227
3170
3228
3171
3229
3172
3230
3173
3231
3174
3232
3175
3233
3176
3234
3177
3235
3178
3236
3179
3237
3180
3238
3181
3239
3182
3240
3183
3241
3184
3242
3185
3243
3186
3244
3187
3245
3188
3246
3189
3247
3190
3248
3191
3249
3192
3250
3193
3251
3194
3252
3195
3253
3196
3254
3197
3255
3198
3256
3199
3257
3200
3258
3201
3259
3202
3260
3203
3261
3204
3262
3205
3263
3206
3264
3207
3265
3208
3266
3209
3267
3210
3268
3211
3269
3212
3270
3213
3271
3214
3272
3215
3273
3216
3274
3275
3218
3276
3219
3277
3220
3278
3221
3279
3222
3280
3223
3281
3224
3282
3225
3283
3226
3284
3227
3285
3228
3286
3229
3287
3230
3288
3231
3289
3232
3290
3233
3291
3234
3292
3235
3293
3236
3294
3237
3295
3238
3296
3239
3297
3240
3298
3241
3299
3242
3300
3243
3301
3244
3302
3245
3303
3246
3304
3247
3305
3248
3306
3249
3307
3250
3308
3251
3309
3252
3310
3253
3311
3254
3312
3255
3313
3256
3314
3257
3315
3258
3316
3259
3317
3260
3318
3261
3319
3262
3320
3263
3321
3264
3322
3265
3323
3266
3324
3267
3325
3268
3326
3269
3327
3270
3328
3271
3329
3272
3330
3273
3331
3274
3332
3275
3333
3334
3277
3335
3278
3336
3279
3337
3280
3338
3281
3339
3282
3340
3283
3341
3284
3342
3285
3343
3286
3344
3287
3345
3288
3346
3289
3347
3290
3348
3291
3349
3292
3350
3293
3351
3294
3352
3295
3353
3296
3354
3297
3355
3298
3356
3299
3357
3300
3358
3301
3359
3302
3360
3303
3361
3304
3362
3305
3363
3306
3364
3307
3365
3308
3366
3309
3367
3310
3368
3311
3369
3312
3370
3313
3371
3314
3372
3315
3373
3316
3374
3317
3375
3318
3376
3319
3377
3320
3378
3321
3379
3322
3380
3323
3381
3324
3382
3325
3383
3326
3384
3327
3385
3328
3386
3329
3387
3330
3388
3331
3389
3332
3390
3333
3391
3334
3392
3393
3336
3394
3337
3395
3338
3396
3339
3397
3340
3398
3341
3399
3342
3400
3343
3401
3344
3402
3345
3403
3346
3404
3347
3405
3348
3406
3349
3407
3350
3408
3351
3409
3352
3410
3353
3411
3354
3412
3355
3413
3356
3414
3357
3415
3358
3416
3359
3417
3360
3418
3361
3419
3362
3420
3363
3421
3364
3422
3365
3423
3366
3424
3367
3425
3368
3426
3369
3427
3370
3428
3371
3429
3372
3430
3373
3431
3374
3432
3375
3433
3376
3434
3377
3435
3378
3436
3379
3437
3380
3438
3381
3439
3382
3440
3383
3441
3384
3442
3385
3443
3386
3444
3387
3445
3388
3446
3389
3447
3390
3448
3391
3449
3392
3450
3393
3451
3452
3395
3453
3396
3454
3397
3455
3398
3456
3399
3457
3400
3458
3401
3459
3402
3460
3403
3461
3404
3462
3405
3463
3406
3464
3407
3465
3408
3466
3409
3467
3410
3468
3411
3469
3412
3470
3413
3471
3414
3472
3415
3473
3416
3474
3417
3475
3418
3476
3419
3477
3420
3478
3421
3479
3422
3480
3423
3481
3424
3482
3425
3483
3426
3484
3427
3485
3428
3486
3429
3487
3430
3488
3431
3489
3432
3490
3433
3491
3434
3492
3435
3493
3436
3494
3437
3495
3438
3496
3439
3497
3440
3498
3441
3499
3442
3500
3443
3501
3444
3502
3445
3503
3446
3504
3447
3505
3448
3506
3449
3507
3450
3508
3451
3509
3452
3510
3511
3454
3512
3455
3513
3456
3514
3457
3515
3458
3516
3459
3517
3460
3518
3461
3519
3462
3520
3463
3521
3464
3522
3465
3523
3466
3524
3467
3525
3468
3526
3469
3527
3470
3528
3471
3529
3472
3530
3473
3531
3474
3532
3475
3533
3476
3534
3477
3535
3478
3536
3479
3537
3480
3538
3481
3539
3482
3540
3483
3541
3484
3542
3485
3543
3486
3544
3487
3545
3488
3546
3489
3547
3490
3548
3491
3549
3492
3550
3493
3551
3494
3552
3495
3553
3496
3554
3497
3555
3498
3556
3499
3557
3500
3558
3501
3559
3502
3560
3503
3561
3504
3562
3505
3563
3506
3564
3507
3565
3508
3566
3509
3567
3510
3568
3511
3569
3570
3513
3571
3514
3572
3515
3573
3516
3574
3517
3575
3518
3576
3519
3577
3520
3578
3521
3579
3522
3580
3523
3581
3524
3582
3525
3583
3526
3584
3527
3585
3528
3586
3529
3587
3530
3588
3531
3589
3532
3590
3533
3591
3534
3592
3535
3593
3536
3594
3537
3595
3538
3596
3539
3597
3540
3598
3541
3599
3542
3600
3543
3601
3544
3602
3545
3603
3546
3604
3547
3605
3548
3606
3549
3607
3550
3608
3551
3609
3552
3610
3553
3611
3554
3612
3555
3613
3556
3614
3557
3615
3558
3616
3559
3617
3560
3618
3561
3619
3562
3620
3563
3621
3564
3622
3565
3623
3566
3624
3567
3625
3568
3626
3569
3627
3570
3628
3629
3572
3573
3574
3575
3576
3577
3578
3579
3580
3581
3582
3583
3584
3585
3586
3587
3588
3589
3590
3591
3592
3593
3594
3595
3596
3597
3598
3599
3600
3601
3602
3603
3604
3605
3606
3607
3608
3609
3610
3611
3612
3613
3614
3615
3616
3617
3618
3619
3620
3621
3622
3623
3624
3625
3626
3627
3628
3629
3631
5459
3632
5430
3633
5401
3634
5372
3635
5343
3636
5314
3637
5285
3638
5256
3639
5227
3640
5198
3641
5169
3642
5140
3643
5111
3644
5082
3645
5053
3646
5024
3647
4995
3648
4966
3649
4937
3650
4908
3651
4879
3652
4850
3653
4821
3654
4792
3655
4763
3656
4734
3657
4705
3658
4676
3659
4647
3660
4618
3661
6538
3662
4589
6536
3663
6534
3664
4560
6532
3665
6530
3666
4531
6528
3667
6526
3668
4502
6524
3669
6522
3670
4473
6520
3671
6518
3672
4444
6516
3673
6514
3674
4415
6512
3675
6510
3676
4386
6508
3677
6506
3678
4357
6504
3679
6502
3680
4328
6500
3681
6498
3682
4299
6496
3683
6494
3684
4270
6492
3685
6490
3686
4241
6488
3687
6486
3688
4212
6484
3689
6482
3690
4183
6480
3691
6478
3692
4154
6476
3693
6474
3694
4125
6472
3695
6470
3696
4096
6468
3697
6466
3698
4067
6464
3699
6462
3700
4038
6460
3701
6458
3702
4009
6456
3703
6454
3704
3980
6452
3705
6450
3706
3951
6448
3707
6446
3708
3922
6444
3709
6442
3710
3893
6440
3711
6438
3712
3864
6436
3713
6434
3714
3835
6432
3715
6430
3716
3806
6428
3717
6426
3718
3777
6424
3719
6422
3748
6420
3721
3749
3722
3750
3723
3751
3724
3752
3725
3753
3726
3754
3727
3755
3728
3756
3729
3757
3730
3758
3731
3759
3732
3760
3733
3761
3734
3762
3735
3763
3736
3764
3737
3765
3738
3766
3739
3767
3740
3768
3741
3769
3742
3770
3743
3771
3744
3772
3745
3773
3746
3774
3747
3775
3748
3776
3777
3750
3778
3751
3779
3752
3780
3753
3781
3754
3782
3755
3783
3756
3784
3757
3785
3758
3786
3759
3787
3760
3788
3761
3789
3762
3790
3763
3791
3764
3792
3765
3793
3766
3794
3767
3795
3768
3796
3769
3797
3770
3798
3771
3799
3772
3800
3773
3801
3774
3802
3775
3803
3776
3804
3777
3805
3806
3779
3807
3780
3808
3781
3809
3782
3810
3783
3811
3784
3812
3785
3813
3786
3814
3787
3815
3788
3816
3789
3817
3790
3818
3791
3819
3792
3820
3793
3821
3794
3822
3795
3823
3796
3824
3797
3825
3798
3826
3799
3827
3800
3828
3801
3829
3802
3830
3803
3831
3804
3832
3805
3833
3806
3834
3835
3808
3836
3809
3837
3810
3838
3811
3839
3812
3840
3813
3841
3814
3842
3815
3843
3816
3844
3817
3845
3818
3846
3819
3847
3820
3848
3821
3849
3822
3850
3823
3851
3824
3852
3825
3853
3826
3854
3827
3855
3828
3856
3829
3857
3830
3858
3831
3859
3832
3860
3833
3861
3834
3862
3835
3863
3864
3837
3865
3838
3866
3839
3867
3840
3868
3841
3869
3842
3870
3843
3871
3844
3872
3845
3873
3846
3874
3847
3875
3848
3876
3849
3877
3850
3878
3851
3879
3852
3880
3853
3881
3854
3882
3855
3883
3856
3884
3857
3885
3858
3886
3859
3887
3860
3888
3861
3889
3862
3890
3863
3891
3864
3892
3893
3866
3894
3867
3895
3868
3896
3869
3897
3870
3898
3871
3899
3872
3900
3873
3901
3874
3902
3875
3903
3876
3904
3877
3905
3878
3906
3879
3907
3880
3908
3881
3909
3882
3910
3883
3911
3884
3912
3885
3913
3886
3914
3887
3915
3888
3916
3889
3917
3890
3918
3891
3919
3892
3920
3893
3921
3922
3895
3923
3896
3924
3897
3925
3898
3926
3899
3927
3900
3928
3901
3929
3902
3930
3903
3931
3904
3932
3905
3933
3906
3934
3907
3935
3908
3936
3909
3937
3910
3938
3911
3939
3912
3940
3913
3941
3914
3942
3915
3943
3916
3944
3917
3945
3918
3946
3919
3947
3920
3948
3921
3949
3922
3950
3951
3924
3952
3925
3953
3926
3954
3927
3955
3928
3956
3929
3957
3930
3958
3931
3959
3932
3960
3933
3961
3934
3962
3935
3963
3936
3964
3937
3965
3938
3966
3939
3967
3940
3968
3941
3969
3942
3970
3943
3971
3944
3972
3945
3973
3946
3974
3947
3975
3948
3976
3949
3977
3950
3978
3951
3979
3980
3953
3981
3954
3982
3955
3983
3956
3984
3957
3985
3958
3986
3959
3987
3960
3988
3961
3989
3962
3990
3963
3991
3964
3992
3965
3993
3966
3994
3967
3995
3968
3996
3969
3997
3970
3998
3971
3999
3972
4000
3973
4001
3974
4002
3975
4003
3976
4004
3977
4005
3978
4006
3979
4007
3980
4008
4009
3982
4010
3983
4011
3984
4012
3985
4013
3986
4014
3987
4015
3988
4016
3989
4017
3990
4018
3991
4019
3992
4020
3993
4021
3994
4022
3995
4023
3996
4024
3997
4025
3998
4026
3999
4027
4000
4028
4001
4029
4002
4030
4003
4031
4004
4032
4005
4033
4006
4034
4007
4035
4008
4036
4009
4037
4038
4011
4039
4012
4040
4013
4041
4014
4042
4015
4043
4016
4044
4017
4045
4018
4046
4019
4047
4020
4048
4021
4049
4022
4050
4023
4051
4024
4052
4025
4053
4026
4054
4027
4055
4028
4056
4029
4057
4030
4058
4031
4059
4032
4060
4033
4061
4034
4062
4035
4063
4036
4064
4037
4065
4038
4066
4067
4040
4068
4041
4069
4042
4070
4043
4071
4044
4072
4045
4073
4046
4074
4047
4075
4048
4076
4049
4077
4050
4078
4051
4079
4052
4080
4053
4081
4054
4082
4055
4083
4056
4084
4057
4085
4058
4086
4059
4087
4060
4088
4061
4089
4062
4090
4063
4091
4064
4092
4065
4093
4066
4094
4067
4095
4096
4069
4097
4070
4098
4071
4099
4072
4100
4073
4101
4074
4102
4075
4103
4076
4104
4077
4105
4078
4106
4079
4107
4080
4108
4081
4109
4082
4110
4083
4111
4084
4112
4085
4113
4086
4114
4087
4115
4088
4116
4089
4117
4090
4118
4091
4119
4092
4120
4093
4121
4094
4122
4095
4123
4096
4124
4125
4098
4126
4099
4127
4100
4128
4101
4129
4102
4130
4103
4131
4104
4132
4105
4133
4106
4134
4107
4135
4108
4136
4109
4137
4110
4138
4111
4139
4112
4140
4113
4141
4114
4142
4115
4143
4116
4144
4117
4145
4118
4146
4119
4147
4120
4148
4121
4149
4122
4150
4123
4151
4124
4152
4125
4153
4154
4127
4155
4128
4156
4129
4157
4130
4158
4131
4159
4132
4160
4133
4161
4134
4162
4135
4163
4136
4164
4137
4165
4138
4166
4139
4167
4140
4168
4141
4169
4142
4170
4143
4171
4144
4172
4145
4173
4146
4174
4147
4175
4148
4176
4149
4177
4150
4178
4151
4179
4152
4180
4153
4181
4154
4182
4183
4156
4184
4157
4185
4158
4186
4159
4187
4160
4188
4161
4189
4162
4190
4163
4191
4164
4192
4165
4193
4166
4194
4167
4195
4168
4196
4169
4197
4170
4198
4171
4199
4172
4200
4173
4201
4174
4202
4175
4203
4176
4204
4177
4205
4178
4206
4179
4207
4180
4208
4181
4209
4182
4210
4183
4211
4212
4185
4213
4186
4214
4187
4215
4188
4216
4189
4217
4190
4218
4191
4219
4192
4220
4193
4221
4194
4222
4195
4223
4196
4224
4197
4225
4198
4226
4199
4227
4200
4228
4201
4229
4202
4230
4203
4231
4204
4232
4205
4233
4206
4234
4207
4235
4208
4236
4209
4237
4210
4238
4211
4239
4212
4240
4241
4214
4242
4215
4243
4216
4244
4217
4245
4218
4246
4219
4247
4220
4248
4221
4249
4222
4250
4223
4251
4224
4252
4225
4253
4226
4254
4227
4255
4228
4256
4229
4257
4230
4258
4231
4259
4232
4260
4233
4261
4234
4262
4235
4263
4236
4264
4237
4265
4238
4266
4239
4267
4240
4268
4241
4269
4270
4243
4271
4244
4272
4245
4273
4246
4274
4247
4275
4248
4276
4249
4277
4250
4278
4251
4279
4252
4280
4253
4281
4254
4282
4255
4283
4256
4284
4257
4285
4258
4286
4259
4287
4260
4288
4261
4289
4262
4290
4263
4291
4264
4292
4265
4293
4266
4294
4267
4295
4268
4296
4269
4297
4270
4298
4299
4272
4300
4273
4301
4274
4302
4275
4303
4276
4304
4277
4305
4278
4306
4279
4307
4280
4308
4281
4309
4282
4310
4283
4311
4284
4312
4285
4313
4286
4314
4287
4315
4288
4316
4289
4317
4290
4318
4291
4319
4292
4320
4293
4321
4294
4322
4295
4323
4296
4324
4297
4325
4298
4326
4299
4327
4328
4301
4329
4302
4330
4303
4331
4304
4332
4305
4333
4306
4334
4307
4335
4308
4336
4309
4337
4310
4338
4311
4339
4312
4340
4313
4341
4314
4342
4315
4343
4316
4344
4317
4345
4318
4346
4319
4347
4320
4348
4321
4349
4322
4350
4323
4351
4324
4352
4325
4353
4326
4354
4327
4355
4328
4356
4357
4330
4358
4331
4359
4332
4360
4333
4361
4334
4362
4335
4363
4336
4364
4337
4365
4338
4366
4339
4367
4340
4368
4341
4369
4342
4370
4343
4371
4344
4372
4345
4373
4346
4374
4347
4375
4348
4376
4349
4377
4350
4378
4351
4379
4352
4380
4353
4381
4354
4382
4355
4383
4356
4384
4357
4385
4386
4359
4387
4360
4388
4361
4389
4362
4390
4363
4391
4364
4392
4365
4393
4366
4394
4367
4395
4368
4396
4369
4397
4370
4398
4371
4399
4372
4400
4373
4401
4374
4402
4375
4403
4376
4404
4377
4405
4378
4406
4379
4407
4380
4408
4381
4409
4382
4410
4383
4411
4384
4412
4385
4413
4386
4414
4415
4388
4416
4389
4417
4390
4418
4391
4419
4392
4420
4393
4421
4394
4422
4395
4423
4396
4424
4397
4425
4398
4426
4399
4427
4400
4428
4401
4429
4402
4430
4403
4431
4404
4432
4405
4433
4406
4434
4407
4435
4408
4436
4409
4437
4410
4438
4411
4439
4412
4440
4413
4441
4414
4442
4415
4443
4444
4417
4445
4418
4446
4419
4447
4420
4448
4421
4449
4422
4450
4423
4451
4424
4452
4425
4453
4426
4454
4427
4455
4428
4456
4429
4457
4430
4458
4431
4459
4432
4460
4433
4461
4434
4462
4435
4463
4436
4464
4437
4465
4438
4466
4439
4467
4440
4468
4441
4469
4442
4470
4443
4471
4444
4472
4473
4446
4474
4447
4475
4448
4476
4449
4477
4450
4478
4451
4479
4452
4480
4453
4481
4454
4482
4455
4483
4456
4484
4457
4485
4458
4486
4459
4487
4460
4488
4461
4489
4462
4490
4463
4491
4464
4492
4465
4493
4466
4494
4467
4495
4468
4496
4469
4497
4470
4498
4471
4499
4472
4500
4473
4501
4502
4475
4503
4476
4504
4477
4505
4478
4506
4479
4507
4480
4508
4481
4509
4482
4510
4483
4511
4484
4512
4485
4513
4486
4514
4487
4515
4488
4516
4489
4517
4490
4518
4491
4519
4492
4520
4493
4521
4494
4522
4495
4523
4496
4524
4497
4525
4498
4526
4499
4527
4500
4528
4501
4529
4502
4530
4531
4504
4532
4505
4533
4506
4534
4507
4535
4508
4536
4509
4537
4510
4538
4511
4539
4512
4540
4513
4541
4514
4542
4515
4543
4516
4544
4517
4545
4518
4546
4519
4547
4520
4548
4521
4549
4522
4550
4523
4551
4524
4552
4525
4553
4526
4554
4527
4555
4528
4556
4529
4557
4530
4558
4531
4559
4560
4533
4561
4534
4562
4535
4563
4536
4564
4537
4565
4538
4566
4539
4567
4540
4568
4541
4569
4542
4570
4543
4571
4544
4572
4545
4573
4546
4574
4547
4575
4548
4576
4549
4577
4550
4578
4551
4579
4552
4580
4553
4581
4554
4582
4555
4583
4556
4584
4557
4585
4558
4586
4559
4587
4560
4588
4589
4562
4590
4563
4591
4564
4592
4565
4593
4566
4594
4567
4595
4568
4596
4569
4597
4570
4598
4571
4599
4572
4600
4573
4601
4574
4602
4575
4603
4576
4604
4577
4605
4578
4606
4579
4607
4580
4608
4581
4609
4582
4610
4583
4611
4584
4612
4585
4613
4586
4614
4587
4615
4588
4616
4589
4617
4618
4591
4619
6599
4592
4620
4593
4621
4594
4622
4595
4623
4596
4624
4597
4625
4598
4626
4599
4627
4600
4628
4601
4629
4602
4630
4603
4631
4604
4632
4605
4633
4606
4634
4607
4635
4608
4636
4609
4637
4610
4638
4611
4639
4612
4640
4613
4641
4614
4642
4615
4643
4616
4644
4617
4645
4618
4646
4647
4620
4648
6598
4621
4649
4622
4650
4623
4651
4624
4652
4625
4653
4626
4654
4627
4655
4628
4656
4629
4657
4630
4658
4631
4659
4632
4660
4633
4661
4634
4662
4635
4663
4636
4664
4637
4665
4638
4666
4639
4667
4640
4668
4641
4669
4642
4670
4643
4671
4644
4672
4645
4673
4646
4674
4647
4675
4676
4649
4677
6597
4650
4678
4651
4679
4652
4680
4653
4681
4654
4682
4655
4683
4656
4684
4657
4685
4658
4686
4659
4687
4660
4688
4661
4689
4662
4690
4663
4691
4664
4692
4665
4693
4666
4694
4667
4695
4668
4696
4669
4697
4670
4698
4671
4699
4672
4700
4673
4701
4674
4702
4675
4703
4676
4704
4705
4678
4706
6596
4679
4707
4680
4708
4681
4709
4682
4710
4683
4711
4684
4712
4685
4713
4686
4714
4687
4715
4688
4716
4689
4717
4690
4718
4691
4719
4692
4720
4693
4721
4694
4722
4695
4723
4696
4724
4697
4725
4698
4726
4699
4727
4700
4728
4701
4729
4702
4730
4703
4731
4704
4732
4705
4733
4734
4707
4735
6595
4708
4736
4709
4737
4710
4738
4711
4739
4712
4740
4713
4741
4714
4742
4715
4743
4716
4744
4717
4745
4718
4746
4719
4747
4720
4748
4721
4749
4722
4750
4723
4751
4724
4752
4725
4753
4726
4754
4727
4755
4728
4756
4729
4757
4730
4758
4731
4759
4732
4760
4733
4761
4734
4762
4763
4736
4764
6594
4737
4765
4738
4766
4739
4767
4740
4768
4741
4769
4742
4770
4743
4771
4744
4772
4745
4773
4746
4774
4747
4775
4748
4776
4749
4777
4750
4778
4751
4779
4752
4780
4753
4781
4754
4782
4755
4783
4756
4784
4757
4785
4758
4786
4759
4787
4760
4788
4761
4789
4762
4790
4763
4791
4792
4765
4793
6593
4766
4794
4767
4795
4768
4796
4769
4797
4770
4798
4771
4799
4772
4800
4773
4801
4774
4802
4775
4803
4776
4804
4777
4805
4778
4806
4779
4807
4780
4808
4781
4809
4782
4810
4783
4811
4784
4812
4785
4813
4786
4814
4787
4815
4788
4816
4789
4817
4790
4818
4791
4819
4792
4820
4821
4794
4822
6592
4795
4823
4796
4824
4797
4825
4798
4826
4799
4827
4800
4828
4801
4829
4802
4830
4803
4831
4804
4832
4805
4833
4806
4834
4807
4835
4808
4836
4809
4837
4810
4838
4811
4839
4812
4840
4813
4841
4814
4842
4815
4843
4816
4844
4817
4845
4818
4846
4819
4847
4820
4848
4821
4849
4850
4823
4851
6591
4824
4852
4825
4853
4826
4854
4827
4855
4828
4856
4829
4857
4830
4858
4831
4859
4832
4860
4833
4861
4834
4862
4835
4863
4836
4864
4837
4865
4838
4866
4839
4867
4840
4868
4841
4869
4842
4870
4843
4871
4844
4872
4845
4873
4846
4874
4847
4875
4848
4876
4849
4877
4850
4878
4879
4852
4880
6590
4853
4881
4854
4882
4855
4883
4856
4884
4857
4885
4858
4886
4859
4887
4860
4888
4861
4889
4862
4890
4863
4891
4864
4892
4865
4893
4866
4894
4867
4895
4868
4896
4869
4897
4870
4898
4871
4899
4872
4900
4873
4901
4874
4902
4875
4903
4876
4904
4877
4905
4878
4906
4879
4907
4908
4881
4909
6589
4882
4910
4883
4911
4884
4912
4885
4913
4886
4914
4887
4915
4888
4916
4889
4917
4890
4918
4891
4919
4892
4920
4893
4921
4894
4922
4895
4923
4896
4924
4897
4925
4898
4926
4899
4927
4900
4928
4901
4929
4902
4930
4903
4931
4904
4932
4905
4933
4906
4934
4907
4935
4908
4936
4937
4910
4938
6588
4911
4939
4912
4940
4913
4941
4914
4942
4915
4943
4916
4944
4917
4945
4918
4946
4919
4947
4920
4948
4921
4949
4922
4950
4923
4951
4924
4952
4925
4953
4926
4954
4927
4955
4928
4956
4929
4957
4930
4958
4931
4959
4932
4960
4933
4961
4934
4962
4935
4963
4936
4964
4937
4965
4966
4939
4967
6587
4940
4968
4941
4969
4942
4970
4943
4971
4944
4972
4945
4973
4946
4974
4947
4975
4948
4976
4949
4977
4950
4978
4951
4979
4952
4980
4953
4981
4954
4982
4955
4983
4956
4984
4957
4985
4958
4986
4959
4987
4960
4988
4961
4989
4962
4990
4963
4991
4964
4992
4965
4993
4966
4994
4995
4968
4996
6586
4969
4997
4970
4998
4971
4999
4972
5000
4973
5001
4974
5002
4975
5003
4976
5004
4977
5005
4978
5006
4979
5007
4980
5008
4981
5009
4982
5010
4983
5011
4984
5012
4985
5013
4986
5014
4987
5015
4988
5016
4989
5017
4990
5018
4991
5019
4992
5020
4993
5021
4994
5022
4995
5023
5024
4997
5025
6585
4998
5026
4999
5027
5000
5028
5001
5029
5002
5030
5003
5031
5004
5032
5005
5033
5006
5034
5007
5035
5008
5036
5009
5037
5010
5038
5011
5039
5012
5040
5013
5041
5014
5042
5015
5043
5016
5044
5017
5045
5018
5046
5019
5047
5020
5048
5021
5049
5022
5050
5023
5051
5024
5052
5053
5026
5054
6584
5027
5055
5028
5056
5029
5057
5030
5058
5031
5059
5032
5060
5033
5061
5034
5062
5035
5063
5036
5064
5037
5065
5038
5066
5039
5067
5040
5068
5041
5069
5042
5070
5043
5071
5044
5072
5045
5073
5046
5074
5047
5075
5048
5076
5049
5077
5050
5078
5051
5079
5052
5080
5053
5081
5082
5055
5083
6583
5056
5084
5057
5085
5058
5086
5059
5087
5060
5088
5061
5089
5062
5090
5063
5091
5064
5092
5065
5093
5066
5094
5067
5095
5068
5096
5069
5097
5070
5098
5071
5099
5072
5100
5073
5101
5074
5102
5075
5103
5076
5104
5077
5105
5078
5106
5079
5107
5080
5108
5081
5109
5082
5110
5111
5084
5112
6582
5085
5113
5086
5114
5087
5115
5088
5116
5089
5117
5090
5118
5091
5119
5092
5120
5093
5121
5094
5122
5095
5123
5096
5124
5097
5125
5098
5126
5099
5127
5100
5128
5101
5129
5102
5130
5103
5131
5104
5132
5105
5133
5106
5134
5107
5135
5108
5136
5109
5137
5110
5138
5111
5139
5140
5113
5141
6581
5114
5142
5115
5143
5116
5144
5117
5145
5118
5146
5119
5147
5120
5148
5121
5149
5122
5150
5123
5151
5124
5152
5125
5153
5126
5154
5127
5155
5128
5156
5129
5157
5130
5158
5131
5159
5132
5160
5133
5161
5134
5162
5135
5163
5136
5164
5137
5165
5138
5166
5139
5167
5140
5168
5169
5142
5170
6580
5143
5171
5144
5172
5145
5173
5146
5174
5147
5175
5148
5176
5149
5177
5150
5178
5151
5179
5152
5180
5153
5181
5154
5182
5155
5183
5156
5184
5157
5185
5158
5186
5159
5187
5160
5188
5161
5189
5162
5190
5163
5191
5164
5192
5165
5193
5166
5194
5167
5195
5168
5196
5169
5197
5198
5171
5199
6579
5172
5200
5173
5201
5174
5202
5175
5203
5176
5204
5177
5205
5178
5206
5179
5207
5180
5208
5181
5209
5182
5210
5183
5211
5184
5212
5185
5213
5186
5214
5187
5215
5188
5216
5189
5217
5190
5218
5191
5219
5192
5220
5193
5221
5194
5222
5195
5223
5196
5224
5197
5225
5198
5226
5227
5200
5228
6578
5201
5229
5202
5230
5203
5231
5204
5232
5205
5233
5206
5234
5207
5235
5208
5236
5209
5237
5210
5238
5211
5239
5212
5240
5213
5241
5214
5242
5215
5243
5216
5244
5217
5245
5218
5246
5219
5247
5220
5248
5221
5249
5222
5250
5223
5251
5224
5252
5225
5253
5226
5254
5227
5255
5256
5229
5257
6577
5230
5258
5231
5259
5232
5260
5233
5261
5234
5262
5235
5263
5236
5264
5237
5265
5238
5266
5239
5267
5240
5268
5241
5269
5242
5270
5243
5271
5244
5272
5245
5273
5246
5274
5247
5275
5248
5276
5249
5277
5250
5278
5251
5279
5252
5280
5253
5281
5254
5282
5255
5283
5256
5284
5285
5258
5286
6576
5259
5287
5260
5288
5261
5289
5262
5290
5263
5291
5264
5292
5265
5293
5266
5294
5267
5295
5268
5296
5269
5297
5270
5298
5271
5299
5272
5300
5273
5301
5274
5302
5275
5303
5276
5304
5277
5305
5278
5306
5279
5307
5280
5308
5281
5309
5282
5310
5283
5311
5284
5312
5285
5313
5314
5287
5315
6575
5288
5316
5289
5317
5290
5318
5291
5319
5292
5320
5293
5321
5294
5322
5295
5323
5296
5324
5297
5325
5298
5326
5299
5327
5300
5328
5301
5329
5302
5330
5303
5331
5304
5332
5305
5333
5306
5334
5307
5335
5308
5336
5309
5337
5310
5338
5311
5339
5312
5340
5313
5341
5314
5342
5343
5316
5344
6574
5317
5345
5318
5346
5319
5347
5320
5348
5321
5349
5322
5350
5323
5351
5324
5352
5325
5353
5326
5354
5327
5355
5328
5356
5329
5357
5330
5358
5331
5359
5332
5360
5333
5361
5334
5362
5335
5363
5336
5364
5337
5365
5338
5366
5339
5367
5340
5368
5341
5369
5342
5370
5343
5371
5372
5345
5373
6573
5346
5374
5347
5375
5348
5376
5349
5377
5350
5378
5351
5379
5352
5380
5353
5381
5354
5382
5355
5383
5356
5384
5357
5385
5358
5386
5359
5387
5360
5388
5361
5389
5362
5390
5363
5391
5364
5392
5365
5393
5366
5394
5367
5395
5368
5396
5369
5397
5370
5398
5371
5399
5372
5400
5401
5374
5402
6572
5375
5403
5376
5404
5377
5405
5378
5406
5379
5407
5380
5408
5381
5409
5382
5410
5383
5411
5384
5412
5385
5413
5386
5414
5387
5415
5388
5416
5389
5417
5390
5418
5391
5419
5392
5420
5393
5421
5394
5422
5395
5423
5396
5424
5397
5425
5398
5426
5399
5427
5400
5428
5401
5429
5430
5403
5431
6571
5404
5432
5405
5433
5406
5434
5407
5435
5408
5436
5409
5437
5410
5438
5411
5439
5412
5440
5413
5441
5414
5442
5415
5443
5416
5444
5417
5445
5418
5446
5419
5447
5420
5448
5421
5449
5422
5450
5423
5451
5424
5452
5425
5453
5426
5454
5427
5455
5428
5456
5429
5457
5430
5458
5459
5432
6570
5433
5434
5435
5436
5437
5438
5439
5440
5441
5442
5443
5444
5445
5446
5447
5448
5449
5450
5451
5452
5453
5454
5455
5456
5457
5458
5459
5461
6421
5462
6423
5463
6419
6425
5464
6427
5465
6429
5466
6431
5467
6390
6433
5468
6435
5469
6437
5470
6439
5471
6361
6441
5472
6443
5473
6445
5474
6447
5475
6332
6449
5476
6451
5477
6453
5478
6455
5479
6303
6457
5480
6459
5481
6461
5482
6463
5483
6274
6465
5484
6467
5485
6469
5486
6471
5487
6245
6473
5488
6475
5489
6477
5490
6479
5491
6216
6481
5492
6483
5493
6485
5494
6487
5495
6187
6489
5496
6491
5497
6493
5498
6495
5499
6158
6497
5500
6499
5501
6501
5502
6503
5503
6129
6505
5504
6507
5505
6509
5506
6511
5507
6100
6513
5508
6515
5509
6517
5510
6519
5511
6071
6521
5512
6523
5513
6525
5514
6527
5515
6042
6529
5516
6531
5517
6533
5518
6535
5519
6013
6537
5520
6539
5521
5522
5984
5523
5524
5955
5525
5526
5926
5527
5528
5897
5529
5530
5868
5531
5532
5839
5533
5534
5810
5535
5536
5781
5537
5538
5752
5539
5540
5723
5541
5542
5694
5543
5544
5665
5545
5546
5636
5547
5548
5607
5549
5578
5551
5579
5552
5580
5553
5581
5554
5582
5555
5583
5556
5584
5557
5585
5558
5586
5559
5587
5560
5588
5561
5589
5562
5590
5563
5591
5564
5592
5565
5593
5566
5594
5567
5595
5568
5596
5569
5597
5570
5598
5571
5599
5572
5600
5573
5601
5574
5602
5575
5603
5576
5604
5577
5605
5578
5606
5607
5580
5608
5581
5609
5582
5610
5583
5611
5584
5612
5585
5613
5586
5614
5587
5615
5588
5616
5589
5617
5590
5618
5591
5619
5592
5620
5593
5621
5594
5622
5595
5623
5596
5624
5597
5625
5598
5626
5599
5627
5600
5628
5601
5629
5602
5630
5603
5631
5604
5632
5605
5633
5606
5634
5607
5635
5636
5609
5637
5610
5638
5611
5639
5612
5640
5613
5641
5614
5642
5615
5643
5616
5644
5617
5645
5618
5646
5619
5647
5620
5648
5621
5649
5622
5650
5623
5651
5624
5652
5625
5653
5626
5654
5627
5655
5628
5656
5629
5657
5630
5658
5631
5659
5632
5660
5633
5661
5634
5662
5635
5663
5636
5664
5665
5638
5666
5639
5667
5640
5668
5641
5669
5642
5670
5643
5671
5644
5672
5645
5673
5646
5674
5647
5675
5648
5676
5649
5677
5650
5678
5651
5679
5652
5680
5653
5681
5654
5682
5655
5683
5656
5684
5657
5685
5658
5686
5659
5687
5660
5688
5661
5689
5662
5690
5663
5691
5664
5692
5665
5693
5694
5667
5695
5668
5696
5669
5697
5670
5698
5671
5699
5672
5700
5673
5701
5674
5702
5675
5703
5676
5704
5677
5705
5678
5706
5679
5707
5680
5708
5681
5709
5682
5710
5683
5711
5684
5712
5685
5713
5686
5714
5687
5715
5688
5716
5689
5717
5690
5718
5691
5719
5692
5720
5693
5721
5694
5722
5723
5696
5724
5697
5725
5698
5726
5699
5727
5700
5728
5701
5729
5702
5730
5703
5731
5704
5732
5705
5733
5706
5734
5707
5735
5708
5736
5709
5737
5710
5738
5711
5739
5712
5740
5713
5741
5714
5742
5715
5743
5716
5744
5717
5745
5718
5746
5719
5747
5720
5748
5721
5749
5722
5750
5723
5751
5752
5725
5753
5726
5754
5727
5755
5728
5756
5729
5757
5730
5758
5731
5759
5732
5760
5733
5761
5734
5762
5735
5763
5736
5764
5737
5765
5738
5766
5739
5767
5740
5768
5741
5769
5742
5770
5743
5771
5744
5772
5745
5773
5746
5774
5747
5775
5748
5776
5749
5777
5750
5778
5751
5779
5752
5780
5781
5754
5782
5755
5783
5756
5784
5757
5785
5758
5786
5759
5787
5760
5788
5761
5789
5762
5790
5763
5791
5764
5792
5765
5793
5766
5794
5767
5795
5768
5796
5769
5797
5770
5798
5771
5799
5772
5800
5773
5801
5774
5802
5775
5803
5776
5804
5777
5805
5778
5806
5779
5807
5780
5808
5781
5809
5810
5783
5811
5784
5812
5785
5813
5786
5814
5787
5815
5788
5816
5789
5817
5790
5818
5791
5819
5792
5820
5793
5821
5794
5822
5795
5823
5796
5824
5797
5825
5798
5826
5799
5827
5800
5828
5801
5829
5802
5830
5803
5831
5804
5832
5805
5833
5806
5834
5807
5835
5808
5836
5809
5837
5810
5838
5839
5812
5840
5813
5841
5814
5842
5815
5843
5816
5844
5817
5845
5818
5846
5819
5847
5820
5848
5821
5849
5822
5850
5823
5851
5824
5852
5825
5853
5826
5854
5827
5855
5828
5856
5829
5857
5830
5858
5831
5859
5832
5860
5833
5861
5834
5862
5835
5863
5836
5864
5837
5865
5838
5866
5839
5867
5868
5841
5869
5842
5870
5843
5871
5844
5872
5845
5873
5846
5874
5847
5875
5848
5876
5849
5877
5850
5878
5851
5879
5852
5880
5853
5881
5854
5882
5855
5883
5856
5884
5857
5885
5858
5886
5859
5887
5860
5888
5861
5889
5862
5890
5863
5891
5864
5892
5865
5893
5866
5894
5867
5895
5868
5896
5897
5870
5898
5871
5899
5872
5900
5873
5901
5874
5902
5875
5903
5876
5904
5877
5905
5878
5906
5879
5907
5880
5908
5881
5909
5882
5910
5883
5911
5884
5912
5885
5913
5886
5914
5887
5915
5888
5916
5889
5917
5890
5918
5891
5919
5892
5920
5893
5921
5894
5922
5895
5923
5896
5924
5897
5925
5926
5899
5927
5900
5928
5901
5929
5902
5930
5903
5931
5904
5932
5905
5933
5906
5934
5907
5935
5908
5936
5909
5937
5910
5938
5911
5939
5912
5940
5913
5941
5914
5942
5915
5943
5916
5944
5917
5945
5918
5946
5919
5947
5920
5948
5921
5949
5922
5950
5923
5951
5924
5952
5925
5953
5926
5954
5955
5928
5956
5929
5957
5930
5958
5931
5959
5932
5960
5933
5961
5934
5962
5935
5963
5936
5964
5937
5965
5938
5966
5939
5967
5940
5968
5941
5969
5942
5970
5943
5971
5944
5972
5945
5973
5946
5974
5947
5975
5948
5976
5949
5977
5950
5978
5951
5979
5952
5980
5953
5981
5954
5982
5955
5983
5984
5957
5985
5958
5986
5959
5987
5960
5988
5961
5989
5962
5990
5963
5991
5964
5992
5965
5993
5966
5994
5967
5995
5968
5996
5969
5997
5970
5998
5971
5999
5972
6000
5973
6001
5974
6002
5975
6003
5976
6004
5977
6005
5978
6006
5979
6007
5980
6008
5981
6009
5982
6010
5983
6011
5984
6012
6013
5986
6014
5987
6015
5988
6016
5989
6017
5990
6018
5991
6019
5992
6020
5993
6021
5994
6022
5995
6023
5996
6024
5997
6025
5998
6026
5999
6027
6000
6028
6001
6029
6002
6030
6003
6031
6004
6032
6005
6033
6006
6034
6007
6035
6008
6036
6009
6037
6010
6038
6011
6039
6012
6040
6013
6041
6042
6015
6043
6016
6044
6017
6045
6018
6046
6019
6047
6020
6048
6021
6049
6022
6050
6023
6051
6024
6052
6025
6053
6026
6054
6027
6055
6028
6056
6029
6057
6030
6058
6031
6059
6032
6060
6033
6061
6034
6062
6035
6063
6036
6064
6037
6065
6038
6066
6039
6067
6040
6068
6041
6069
6042
6070
6071
6044
6072
6045
6073
6046
6074
6047
6075
6048
6076
6049
6077
6050
6078
6051
6079
6052
6080
6053
6081
6054
6082
6055
6083
6056
6084
6057
6085
6058
6086
6059
6087
6060
6088
6061
6089
6062
6090
6063
6091
6064
6092
6065
6093
6066
6094
6067
6095
6068
6096
6069
6097
6070
6098
6071
6099
6100
6073
6101
6074
6102
6075
6103
6076
6104
6077
6105
6078
6106
6079
6107
6080
6108
6081
6109
6082
6110
6083
6111
6084
6112
6085
6113
6086
6114
6087
6115
6088
6116
6089
6117
6090
6118
6091
6119
6092
6120
6093
6121
6094
6122
6095
6123
6096
6124
6097
6125
6098
6126
6099
6127
6100
6128
6129
6102
6130
6103
6131
6104
6132
6105
6133
6106
6134
6107
6135
6108
6136
6109
6137
6110
6138
6111
6139
6112
6140
6113
6141
6114
6142
6115
6143
6116
6144
6117
6145
6118
6146
6119
6147
6120
6148
6121
6149
6122
6150
6123
6151
6124
6152
6125
6153
6126
6154
6127
6155
6128
6156
6129
6157
6158
6131
6159
6132
6160
6133
6161
6134
6162
6135
6163
6136
6164
6137
6165
6138
6166
6139
6167
6140
6168
6141
6169
6142
6170
6143
6171
6144
6172
6145
6173
6146
6174
6147
6175
6148
6176
6149
6177
6150
6178
6151
6179
6152
6180
6153
6181
6154
6182
6155
6183
6156
6184
6157
6185
6158
6186
6187
6160
6188
6161
6189
6162
6190
6163
6191
6164
6192
6165
6193
6166
6194
6167
6195
6168
6196
6169
6197
6170
6198
6171
6199
6172
6200
6173
6201
6174
6202
6175
6203
6176
6204
6177
6205
6178
6206
6179
6207
6180
6208
6181
6209
6182
6210
6183
6211
6184
6212
6185
6213
6186
6214
6187
6215
6216
6189
6217
6190
6218
6191
6219
6192
6220
6193
6221
6194
6222
6195
6223
6196
6224
6197
6225
6198
6226
6199
6227
6200
6228
6201
6229
6202
6230
6203
6231
6204
6232
6205
6233
6206
6234
6207
6235
6208
6236
6209
6237
6210
6238
6211
6239
6212
6240
6213
6241
6214
6242
6215
6243
6216
6244
6245
6218
6246
6219
6247
6220
6248
6221
6249
6222
6250
6223
6251
6224
6252
6225
6253
6226
6254
6227
6255
6228
6256
6229
6257
6230
6258
6231
6259
6232
6260
6233
6261
6234
6262
6235
6263
6236
6264
6237
6265
6238
6266
6239
6267
6240
6268
6241
6269
6242
6270
6243
6271
6244
6272
6245
6273
6274
6247
6275
6248
6276
6249
6277
6250
6278
6251
6279
6252
6280
6253
6281
6254
6282
6255
6283
6256
6284
6257
6285
6258
6286
6259
6287
6260
6288
6261
6289
6262
6290
6263
6291
6264
6292
6265
6293
6266
6294
6267
6295
6268
6296
6269
6297
6270
6298
6271
6299
6272
6300
6273
6301
6274
6302
6303
6276
6304
6277
6305
6278
6306
6279
6307
6280
6308
6281
6309
6282
6310
6283
6311
6284
6312
6285
6313
6286
6314
6287
6315
6288
6316
6289
6317
6290
6318
6291
6319
6292
6320
6293
6321
6294
6322
6295
6323
6296
6324
6297
6325
6298
6326
6299
6327
6300
6328
6301
6329
6302
6330
6303
6331
6332
6305
6333
6306
6334
6307
6335
6308
6336
6309
6337
6310
6338
6311
6339
6312
6340
6313
6341
6314
6342
6315
6343
6316
6344
6317
6345
6318
6346
6319
6347
6320
6348
6321
6349
6322
6350
6323
6351
6324
6352
6325
6353
6326
6354
6327
6355
6328
6356
6329
6357
6330
6358
6331
6359
6332
6360
6361
6334
6362
6335
6363
6336
6364
6337
6365
6338
6366
6339
6367
6340
6368
6341
6369
6342
6370
6343
6371
6344
6372
6345
6373
6346
6374
6347
6375
6348
6376
6349
6377
6350
6378
6351
6379
6352
6380
6353
6381
6354
6382
6355
6383
6356
6384
6357
6385
6358
6386
6359
6387
6360
6388
6361
6389
6390
6363
6391
6364
6392
6365
6393
6366
6394
6367
6395
6368
6396
6369
6397
6370
6398
6371
6399
6372
6400
6373
6401
6374
6402
6375
6403
6376
6404
6377
6405
6378
6406
6379
6407
6380
6408
6381
6409
6382
6410
6383
6411
6384
6412
6385
6413
6386
6414
6387
6415
6388
6416
6389
6417
6390
6418
6419
6392
6393
6394
6395
6396
6397
6398
6399
6400
6401
6402
6403
6404
6405
6406
6407
6408
6409
6410
6411
6412
6413
6414
6415
6416
6417
6418
6419
6421
6422
6423
6423
6424
6425
6425
6426
6427
6427
6428
6429
6429
6430
6431
6431
6432
6433
6433
6434
6435
6435
6436
6437
6437
6438
6439
6439
6440
6441
6441
6442
6443
6443
6444
6445
6445
6446
6447
6447
6448
6449
6449
6450
6451
6451
6452
6453
6453
6454
6455
6455
6456
6457
6457
6458
6459
6459
6460
6461
6461
6462
6463
6463
6464
6465
6465
6466
6467
6467
6468
6469
6469
6470
6471
6471
6472
6473
6473
6474
6475
6475
6476
6477
6477
6478
6479
6479
6480
6481
6481
6482
6483
6483
6484
6485
6485
6486
6487
6487
6488
6489
6489
6490
6491
6491
6492
6493
6493
6494
6495
6495
6496
6497
6497
6498
6499
6499
6500
6501
6501
6502
6503
6503
6504
6505
6505
6506
6507
6507
6508
6509
6509
6510
6511
6511
6512
6513
6513
6514
6515
6515
6516
6517
6517
6518
6519
6519
6520
6521
6521
6522
6523
6523
6524
6525
6525
6526
6527
6527
6528
6529
6529
6530
6531
6531
6532
6533
6533
6534
6535
6535
6536
6537
6537
6538
6539
6539
6541
6570
6542
6571
6543
6572
6544
6573
6545
6574
6546
6575
6547
6576
6548
6577
6549
6578
6550
6579
6551
6580
6552
6581
6553
6582
6554
6583
6555
6584
6556
6585
6557
6586
6558
6587
6559
6588
6560
6589
6561
6590
6562
6591
6563
6592
6564
6593
6565
6594
6566
6595
6567
6596
6568
6597
6569
6598
6599
6571
6572
6573
6574
6575
6576
6577
6578
6579
6580
6581
6582
6583
6584
6585
6586
6587
6588
6589
6590
6591
6592
6593
6594
6595
6596
6597
6598
6599
)


// ************************************************************************* //
